-416 449 76
-814 863 685
904 651 131
142 -13 580
-536 772 132
-764 953 46
-428 -950 106
270 -488 646
603 -975 496
934 -10 1148
865 -226 231
-506 828 487
190 751 779
729 270 271
-301 590 291
936 926 626
-366 -549 1045
203 410 429
722 719 482
352 645 166
973 -748 736
526 -900 221
-751 210 486
-975 11 421
724 -664 237
-301 -23 845
-264 883 191
232 -957 251
913 -901 56
-53 -421 480
960 -960 1680
360 -747 685
-730 -969 301
789 -293 798
-593 -803 1084
-497 -258 301
574 502 317
696 496 67
617 -144 421
592 -23 1307
853 948 276
975 263 866
418 -430 221
696 749 802
-796 -847 870
568 -650 1160
682 975 51
-587 585 540
394 939 106
-33 574 361
-56 -484 146
-784 -608 260
373 975 501
149 -282 138
727 -575 532
976 -1001 998
960 -960 1290
246 -717 127
-483 288 326
-693 -651 692
450 -760 420
-975 -121 51
-950 -936 96
385 239 254
-310 -708 241
-478 -23 520
-350 -692 550
-550 43 151
-817 -796 485
-523 -839 734
-828 -246 420
-847 662 216
0 0 20
-261 -945 735
