-268 -139 144
1098 194 114
1377 236 153
1778 250 124
81 316 158
704 307 153
1005 468 138
-19 594 148
352 578 104
1369 587 138
756 751 114
1114 773 163
1725 758 183
143 892 154
420 984 119
2207 977 143
-333 1062 153
-46 1087 119
734 1109 124
1059 1046 193
1462 1183 139
251 1229 155
382 -175 100
1348 -137 135
1653 -149 120
1967 -171 115
2030 626 110
1322 966 125
1801 1081 150
423 164 346
1687 464 371
810 1376 341
1490 1404 366
2093 45 607
-224 111 557
40 233 582
-260 482 597
1030 348 582
2033 347 557
-259 953 597
974 1091 572
1996 1118 592
794 -162 125
17 1135 104
221 256 76
288 688 96
17 1135 81
817 544 56
835 741 56
17 1135 89
171 1208 71
17 1135 69
1428 486 56
798 1397 587
17 1135 69
1144 870 61
1260 1027 61
999 1206 534
17 1135 54
1082 171 51
17 1135 54
19 856 49
