408 -1122 8
1032 283 601
-778 -195 506
-638 -895 36
1420 901 16
728 1088 613
1478 -578 -204
-121 -730 441
-134 -839 81
1055 -803 101
1541 -19 992
1362 -502 46
1727 -877 401
-395 -1122 246
-233 -335 26
177 703 3
-718 861 61
-839 -709 76
-405 -464 -204
-174 -662 511
-214 288 391
-877 10 298
724 -236 16
-315 -598 51
-268 560 411
1529 -22 972
1433 -1092 76
1149 1032 581
-123 347 71
-659 -734 246
0 0 490
1169 1036 156
784 -918 171
473 1121 153
1234 608 260
926 580 356
1731 -45 636
-706 -398 296
1180 -703 391
-263 211 -240
-806 -1 907
868 1111 111
1672 216 -24
-877 10 -62
959 -549 16
0 0 90
-839 -370 -64
1573 734 -113
388 492 -158
133 -251 -74
185 -1081 -89
999 254 101
1289 -981 -124
312 1128 -147
568 1046 -109
-672 563 -124
-441 -47 -109
930 -323 -223
468 -996 -227
-210 175 -576
-163 688 -184
-23 936 -134
973 838 -164
1535 -112 491
1541 -837 -164
1007 -307 -533
1172 562 28
769 -925 -154
729 767 -184
1055 -742 -197
529 -635 -252
1560 -284 -179
-252 -976 -174
-47 -819 -196
660 -160 -192
