-670 -1010 -836
-913 -767 -799
-582 -714 -811
-939 -354 -776
93 -405 -781
375 -352 -794
-707 -155 -844
-247 -207 -754
-935 42 -766
-281 96 -821
6 35 -839
-1009 382 -799
-582 381 -884
-252 415 -821
81 373 -799
413 325 -776
-323 -933 -811
209 -992 -791
488 -1005 -816
-175 -716 -836
252 88 -801
-298 -485 -579
-644 -378 -609
-603 216 -584
464 -657 -866
0 0 135
0 0 115
-894 191 -821
384 192 -877
384 192 -912
319 -151 -891
0 0 80
384 192 -932
384 192 -917
384 192 -922
-941 -434 -941
235 -349 -901
384 192 -922
223 -588 -926
467 -504 -941
-694 -39 -774
0 0 50
0 0 45
