79 -1972 248
-1096 -1673 208
-831 -1652 238
-412 -1678 203
-130 -1702 178
156 -1699 243
699 -1715 208
-198 -1007 153
-489 -1374 178
280 -1303 283
571 -1361 208
-1066 -991 213
-605 -1075 203
102 -1090 233
519 -1090 228
439 -1714 319
90 -837 208
343 -809 198
-1070 -420 228
-773 -670 -94
-318 -412 228
159 -441 213
546 -462 243
-1152 -1472 174
0 0 105
6 -304 82
661 -677 148
-1072 -48 106
-1152 -1472 114
-1117 -48 116
-1152 -1472 134
-1152 -1472 124
626 -313 167
634 -333 222
-460 -101 101
-424 -686 147
-546 -498 123
-1152 -1472 144
397 -288 190
-1152 -1472 104
671 -1880 62
0 0 65
-956 -1902 111
-1152 -1472 114
0 0 85
0 0 75
0 0 65
-526 -1900 128
537 -1549 140
0 0 45
0 0 75
0 0 95
0 0 80
0 0 40
0 0 30
0 0 55
0 0 55
0 0 30
0 0 60
0 0 60
-1152 -1472 129
-1152 -1472 109
-1152 -1472 89
-1152 -1472 104
0 0 60
-612 -1099 61
125 -450 359
673 -88 310
-1152 -1472 104
0 0 65
-1152 -1472 84
-1152 -1472 99
660 -162 300
-1152 -1472 109
0 0 45
