59 -1546 269
309 -1507 249
603 -1565 174
898 -1562 199
1217 -1526 204
76 -1193 199
367 -1212 264
720 -1221 209
992 -1275 204
1322 -1292 194
22 -506 224
444 -573 199
209 -288 179
526 -291 209
919 -214 219
1165 -264 214
-7 145 224
318 107 219
715 60 209
1439 -92 224
64 64 179
0 0 95
0 0 95
0 0 105
64 64 159
116 -1335 430
1173 -1287 435
380 -117 425
92 268 435
427 293 395
760 283 415
218 -975 208
0 0 65
0 0 75
0 0 85
0 0 35
0 0 80
64 64 144
64 64 104
1570 -1341 68
64 64 144
1334 -105 106
1103 -1360 63
340 -1349 231
340 -1372 231
1518 42 91
1022 -132 275
64 64 99
1050 -1392 273
1236 -1521 101
64 64 94
64 64 124
64 64 109
