1818 1997 979
-583 -208 136
793 974 802
2832 3136 83
0 0 355
-241 -389 779
1445 -31 -71
3226 2011 761
397 329 133
-99 527 146
-338 299 70
299 20 -24
1199 555 106
1497 2014 106
106 724 -18
3167 1209 111
-368 -2176 126
3216 3072 711
3276 2360 711
2556 615 759
1893 2015 126
-1007 -400 818
-657 -96 956
-592 -463 781
128 411 3
2755 1583 449
3392 1035 231
3235 1023 756
3213 2985 56
1040 -476 223
3203 1624 281
501 -944 141
-918 -1260 136
-368 -1920 608
1326 1409 241
600 117 92
1228 -980 116
-803 985 147
1685 4 379
-665 -1324 401
-364 582 123
892 851 -58
1534 999 317
-671 -301 346
2684 450 393
-551 18 636
-368 -1920 93
3330 997 546
859 459 608
0 0 540
3300 2322 66
-752 -2112 306
2088 1890 506
2441 592 55
1521 247 -48
-247 39 552
0 0 100
-102 -771 271
3027 489 196
538 4 609
-565 20 308
1306 1981 456
1273 1705 171
903 151 94
3004 2565 509
501 -944 131
3034 2978 431
903 151 69
0 0 465
1228 -980 116
0 0 395
1685 4 354
2907 711 359
0 0 310
0 0 20
