-884 -626 -125
-591 -599 -110
-197 -632 -105
99 -677 -140
394 -616 -110
988 -712 -100
793 -412 -100
-850 -241 -135
-548 -192 -125
-260 -138 -130
89 -202 -95
415 -193 -75
-937 11 -100
-610 69 -105
-296 114 -115
77 145 -100
838 136 -90
-998 367 -75
-655 400 -60
-318 377 -40
333 403 -130
713 383 -105
-45 519 -100
395 129 -86
-468 -403 61
465 -367 116
522 98 106
-904 710 -106
-614 709 -101
-214 745 -141
135 779 -116
818 711 -126
-816 656 -101
-756 -1007 -134
773 486 -129
-662 -911 -109
-816 656 -116
-816 656 -81
-816 656 -166
-816 656 -166
-557 329 -154
-816 656 -166
0 0 70
-816 656 -151
-816 656 -171
-879 -751 -164
-1002 731 -194
-489 576 -184
643 -576 18
-816 656 -151
-615 367 -169
-720 615 -179
649 -767 61
944 344 -174
-816 656 -186
-487 -922 -184
966 709 -189
-816 656 -196
466 626 3
615 -473 -184
-816 656 -196
420 429 -194
-816 656 -186
497 -689 -209
-816 656 -201
540 727 -33
