-3327 399 -35
-3435 -931 -118
-3291 1272 43
671 -1010 39
-3248 751 -51
-3254 559 -302
-1130 -348 152
3679 850 78
1892 -1512 -10
507 1091 162
-2864 242 -12
0 0 15
-1661 430 164
-52 626 -1090
-2299 966 -108
3588 -2 18
1310 -71 -79
3409 -112 -247
-1849 -231 123
-2606 727 -24
2381 -137 83
-447 -1267 -62
1492 2382 -271
-3472 -351 -145
-1993 -1601 -549
3070 -138 -36
-1079 -847 -1597
1534 -1463 57
2850 206 -17
3433 643 -798
3256 600 -127
-2867 -1582 -97
858 -656 114
-670 486 -511
-3156 -79 -152
1868 -496 -133
-2107 -432 -108
2094 448 -220
1757 123 -27
-3055 387 -157
-3508 -615 -144
322 827 -536
-648 246 -8
3431 -465 -22
421 -1481 207
2941 -1331 -1567
2974 -1643 -1477
228 -352 -181
1952 784 -205
-1129 -865 -108
-3281 144 -197
237 -1045 -90
-154 196 244
-1289 -1936 161
3679 -1503 -975
-2796 -22 -144
2747 -744 -1424
-2853 538 -55
2601 -149 -129
-724 -1321 -138
-3443 -1412 -25
-2468 -55 -123
-2041 -1287 -134
-1581 -500 110
-307 -479 7
3552 203 -337
-694 -125 -181
1408 -624 -26
-2838 -594 -65
2385 186 -51
-3039 -905 -58
-2438 1823 -1587
884 -1515 -125
-3407 -158 -327
-3500 306 -327
