1193 2104 -300
-222 2089 64
411 2025 120
-1274 615 -193
251 108 151
1513 2071 -210
-591 1686 70
-935 558 77
1528 1152 -65
2838 987 -347
1023 1584 -175
2510 953 -380
1390 1693 -225
-1098 2085 -315
2155 2053 -475
-706 980 -246
-848 1974 -395
1713 1223 -300
-1274 1791 -416
-600 -165 -19
-691 88 -64
-1284 -47 -24
1243 1894 -86
-1294 996 -209
-1442 2015 -385
-238 267 -22
-95 1556 -85
-1379 1579 -545
544 224 -59
1900 2098 -365
352 1348 -222
1903 1467 -87
-581 1995 -37
347 125 -189
219 1605 -295
-602 1962 -295
-849 1221 -271
-855 1744 -251
982 2159 -115
-1108 -230 -39
917 1003 -316
2256 1308 -459
856 1963 131
-1500 -367 -69
569 2035 -309
-857 1967 -86
-367 1091 -317
2413 693 -350
-512 313 -55
248 884 -187
2426 1774 -353
435 1614 -160
1128 1249 -167
605 1145 -158
2691 1214 -440
1091 1871 -440
-965 1301 -38
-382 1673 -190
2676 1498 -440
-106 1905 -109
48 2034 -525
-423 2143 -240
-808 476 -144
308 2147 -270
-402 84 -204
-991 63 -174
1865 1783 -300
1734 1571 -275
-1903 2159 -530
2016 1156 -285
16 1341 -355
0 0 0
0 0 15
