-2352 2855 689
-2338 2088 337
-563 -2300 -164
-713 -2413 709
-2754 2194 -216
-399 -2526 -189
-119 3123 487
-271 3425 658
369 -1773 445
-2828 356 -86
-1010 3204 729
-157 -625 -179
663 -2362 677
-1476 3187 143
-612 -1933 -109
-3610 622 759
-2438 2533 -172
-3015 2334 320
-575 465 429
-1211 -264 -190
781 783 445
1157 -547 731
-1383 1298 362
-1466 -437 -134
346 -2885 396
-2343 243 347
-2072 1253 302
-1064 -1327 -204
388 -378 435
-3479 647 -17
0 0 20
-1988 -54 854
123 -683 430
252 2697 435
952 -1936 731
-847 455 469
-2476 2316 328
-3588 939 774
-2047 -72 -139
-3546 1352 774
-3509 1665 774
684 -393 503
-1292 3111 557
-3654 1476 79
-273 -994 455
-2079 2987 681
-1425 3173 -102
-771 -968 764
-3288 496 681
-1742 3116 696
-1285 325 520
551 -2444 -179
-2296 -276 759
1274 -280 709
-29 2749 315
699 219 455
-686 -2102 701
-59 -664 933
-3060 588 780
-933 3307 498
-2698 -30 704
-174 -2759 -139
-3513 906 477
881 -987 603
-366 -1349 450
-1878 -287 285
-638 -2699 126
-693 -1739 313
-36 3603 648
1586 577 508
1583 848 371
-500 22 -119
178 -2375 495
-4 3258 791
532 -1983 -98
