-1806 -795 -151
1451 -1600 73
1799 2338 808
1135 1593 3
1425 -196 -7
-1668 -2974 281
55 -2317 23
-327 -2262 43
-1184 -2976 -129
917 2130 -161
513 -796 -150
-463 346 -110
2740 3644 -251
-1353 -2715 261
2813 3531 65
-439 -2395 -278
-3046 -2195 28
-2405 -2306 805
-984 -2594 -64
1044 1829 -107
1038 439 112
3454 3728 154
2875 3192 220
2287 3072 464
3703 3701 -44
2660 -1905 354
1613 2295 86
698 1084 -138
1999 3363 303
1507 2147 -250
2435 3292 858
1687 2674 -400
2802 3764 577
-491 -2694 -139
-1442 -2607 -296
2075 1927 -339
88 -488 -281
1997 -1573 -355
-1896 -3007 -254
821 -2229 -16
3478 2971 -116
1401 -739 -79
3040 2913 -141
1152 431 -197
762 159 -398
1472 -1451 -271
1456 861 -197
998 775 28
1266 -1223 68
1070 -2799 -121
7 -2712 26
-1920 -2985 41
1470 1227 -225
-1596 -2620 1319
2824 -1281 91
1026 -2683 386
1994 -120 537
3200 3394 -9
2392 2940 -146
1730 2974 -191
638 -535 -98
1386 2725 26
2909 3296 -170
1152 -1181 -355
1794 2707 398
3554 3277 -179
1455 258 -343
