-2446 -412 193
1413 3218 492
1876 1559 -15
3161 -1164 -39
-938 -2696 -5
-1931 2763 -127
2289 2047 962
416 1519 -78
1295 -1938 1057
-1776 -652 118
605 -1622 97
3823 541 48
873 2111 977
-1548 3185 10
-642 1904 71
3187 -586 101
1473 1788 -63
1812 1006 -30
2323 -2027 -38
3969 1616 927
-1768 2516 -20
-693 2106 644
2464 -765 944
1307 -1754 -118
3383 593 -80
1088 -2140 108
-1872 -1826 967
3445 -746 131
834 -2044 103
3168 1327 1007
2915 -2571 957
-1442 -2726 156
1077 1105 -75
2686 260 123
2971 -1806 1193
2532 -776 103
1829 -1605 153
3730 1587 426
1613 2065 0
-1704 -2086 860
-1908 -671 967
4016 -158 286
2596 1449 120
933 2126 6
1979 -2681 254
2926 -1232 997
-2072 -1834 251
3307 -846 501
-1277 -2909 -37
-905 -2740 974
-434 1416 399
-2020 -527 108
-195 2696 103
-1427 2845 15
-1412 -540 42
-2015 1708 113
2802 -690 38
-2250 1119 143
1206 -2250 1050
3496 1458 944
2920 -1980 -44
3715 -1152 934
3432 848 -17
595 -2224 103
3527 200 72
688 -1375 92
2565 2147 -198
3216 -336 173
2641 -972 -64
2708 1595 550
3271 -1110 975
-781 1485 -32
-1671 -1746 196
2198 -1322 123
806 1142 -25
