1689 -526 293
3047 -294 275
2030 1157 271
-2847 -1277 61
-715 -802 136
2596 281 222
3184 1520 86
-7 -53 465
319 -1217 177
1554 -1604 263
-1050 441 294
-2778 480 46
-1731 -1553 115
103 -447 243
-113 379 78
-2794 868 146
1236 -1481 216
2766 658 252
567 514 130
-1042 -569 204
788 -899 164
-1491 -445 89
2807 172 69
1860 -751 234
2127 1430 135
-2028 -337 72
2405 902 94
3 -806 311
986 23 334
-2868 -341 96
-158 664 505
304 953 160
491 -94 496
1101 493 178
-1755 881 175
2178 -200 603
-2899 1327 46
-1853 305 43
-1416 -73 202
-2838 -865 64
-897 -25 559
-1209 1367 77
-490 -959 173
-327 -30 468
2252 -147 99
1102 -121 561
851 552 66
506 -793 96
-3209 -258 183
1806 197 170
35 615 128
-2343 -201 146
-1576 -728 286
1811 1535 110
-3009 341 229
2255 456 445
-1644 -244 94
0 0 35
-53 -680 76
-2338 -836 46
-1427 -1020 125
2791 -954 76
838 -352 176
2616 -332 51
-2271 -529 75
-398 -1448 247
2960 1648 86
1463 -1266 239
1458 -741 149
-3189 -1317 96
-27 1436 56
-3034 -632 75
1813 -989 96
-1572 503 104
1710 961 117
