-2317 1052 234
1703 1244 92
2848 -1275 51
-1249 432 319
-760 -37 462
-2752 -842 250
2968 542 94
1680 -1127 279
585 -808 439
-1477 -1022 131
-2070 -290 97
-2980 -460 106
-2992 583 94
-2996 277 195
-2188 1292 84
-1882 1356 71
1757 -576 214
-114 892 68
1978 264 70
1599 662 61
147 -570 79
351 0 51
-459 754 97
-1962 619 114
-1228 -45 980
-2617 -1435 205
-2085 -7 203
-115 -380 434
-1164 -1628 127
-1679 54 390
-109 -825 71
-1962 -1258 141
-1080 -990 73
-40 -1000 599
-2763 1115 56
2068 -262 84
-2646 -173 144
948 -46 337
2762 -280 167
-343 130 377
-2413 -614 87
-1371 -13 189
2072 -1310 272
-596 165 56
-370 1027 110
1522 -810 123
100 -21 322
-1739 -147 83
1438 159 137
2192 669 108
-1204 1684 695
3011 -481 58
-2914 -1007 61
-89 1689 541
-3006 -6 86
2849 161 137
623 9 88
83 1131 713
1973 -34 152
1342 877 119
0 0 35
93 -1682 571
2402 -174 225
-638 1196 222
-696 -1020 99
-1731 -1532 225
807 -980 140
493 27 307
3050 -273 219
1692 255 128
265 1554 534
1073 975 66
-1037 904 164
2011 939 68
-414 -1018 675
