132 1851 403
115 -1153 -110
-779 883 -681
1008 -1337 -521
-276 -172 -549
-382 1391 -641
-403 -1488 -186
309 -1429 279
678 2239 -626
123 -1270 -622
143 1469 -694
545 1565 112
663 195 -249
-490 1770 251
694 -387 -586
-755 1811 -40
-536 148 -589
243 863 254
-48 -1022 -546
1350 -1873 324
57 270 243
1281 2334 -470
-916 2224 66
-250 -1656 -726
-704 2059 1868
-798 -1666 -224
609 -1187 -178
307 538 -716
855 215 -581
-784 1652 -711
758 -798 -652
-918 301 -691
800 1984 -586
902 1566 -674
164 403 -421
1350 1759 -403
616 -1394 381
513 728 -651
-191 1510 -58
-59 1110 -691
944 1844 -296
-51 1433 529
1203 2108 -100
-609 -543 -516
-376 -1443 -684
157 1234 -526
-871 -1349 -417
578 1424 -267
119 1168 -231
1132 -1759 -656
-508 1628 -691
-584 -1476 -491
-877 1521 184
-645 -84 -661
-147 1243 -164
497 746 55
329 2171 -508
721 -1404 -576
830 788 -509
694 -223 -331
-272 -455 -141
-813 -1271 403
-984 790 -441
1028 1861 -711
-602 -1832 -347
1200 -524 -641
-906 2209 -731
-783 2084 383
215 -205 -686
-611 2074 -66
318 1429 -407
271 1917 -629
0 0 20
840 -1095 -679
620 1778 -721
