934 -1612 1187
0 0 580
1910 1210 311
-927 -1034 1810
448 -1697 1274
-419 569 1803
1069 1274 159
1851 -379 -100
265 556 -191
601 604 -189
1289 582 36
-772 -732 1713
1360 1248 -184
-959 -539 1779
914 368 50
2031 413 136
2006 -1699 1658
440 1358 -169
371 -586 -240
1649 -913 -144
1242 -1617 341
288 388 -8
1637 1332 -74
959 1602 -209
1727 -1697 276
585 885 -54
-469 -750 1820
1012 -588 94
1755 867 -193
519 -1694 1796
1123 -672 1564
611 315 -41
-857 155 1915
1943 163 -159
1793 1664 -154
1053 411 -209
1222 -1705 2053
-724 282 1641
2015 255 398
904 -578 -161
1072 1118 -184
1235 -1515 -79
660 950 1691
641 1664 -169
1461 -1252 -179
921 -1192 -57
-958 -261 1795
1918 1348 -160
-862 938 1800
385 1664 -159
-1371 486 2092
1216 -1084 -223
1974 -1407 -322
1709 506 -159
-1781 -1344 2088
1110 1021 239
1373 186 -129
1215 -1697 932
1876 -1752 1130
694 -1325 -166
1471 -1697 1891
811 1288 27
-1123 408 1925
1229 -606 -87
933 -304 31
852 584 -99
1027 808 350
1381 909 -69
0 0 15
192 -1697 1627
856 979 680
1269 1551 -189
1008 823 -17
1101 123 -190
619 -974 -210
