1063 -3192 286
2533 367 878
102 -2518 466
3101 519 867
-2568 1107 719
312 1579 715
764 471 952
1648 -2085 1018
2583 -2731 385
-3167 -674 553
1660 2547 790
-35 -1729 567
-1384 -1636 1209
352 121 1111
282 3823 913
-1821 -749 788
2293 -2201 1129
2801 -425 633
-55 3073 762
-385 -3689 391
-1838 489 871
2507 -565 583
2611 -3395 481
1586 -3165 519
805 381 576
3157 1605 981
-1659 3114 1216
-457 2880 362
2798 -161 708
187 -1398 721
2692 -2472 793
2222 -3654 562
-667 3315 321
599 2085 577
1497 -1439 373
2059 -3165 551
2848 -3647 482
-301 3551 602
-55 -3069 687
-840 2884 657
2517 -2371 332
2464 -427 919
-58 981 677
1763 504 982
-529 851 1208
-288 3125 377
-319 332 861
971 -2970 392
145 -1221 1184
-3077 -2277 662
679 -3223 1050
462 -2915 344
-1287 497 677
187 -2825 804
1209 -2271 377
1761 -2783 307
-3119 357 897
-1462 -3015 542
-1678 2734 911
1551 -292 593
8 3108 485
3023 -1066 583
1520 -2223 1555
2610 -1334 440
2850 245 877
206 2911 1001
59 -1462 340
-250 53 752
-2024 2214 636
2398 -1883 1014
298 1794 352
-2174 1571 665
-908 2981 979
