-3637 2617 59
-1490 165 219
-1905 -3802 -3
-3200 562 272
-1623 3350 10
-3014 3495 229
-785 3553 309
-2405 3180 584
1400 2615 167
-2947 -1538 73
-615 3756 527
-896 -3007 -8
-2294 -3051 370
-28 2543 503
1751 2694 399
-372 3180 -21
-1659 905 249
-1522 -959 277
-3548 865 -21
-3509 -3117 255
1521 -2042 348
-2297 -199 242
-513 3368 339
-2313 3122 229
705 442 245
1687 1974 -31
1933 1528 203
-800 3285 -56
-1105 416 17
-1538 -947 -33
-682 3670 -46
-2138 1047 -152
-866 109 23
-1711 -755 280
-341 2202 288
2438 -946 412
-1723 -2048 -28
-2096 140 -15
-2746 36 244
1503 1148 679
454 -3086 180
2735 -964 587
-2043 -2926 2
695 -1473 0
2374 95 588
934 -2240 10
1232 3078 178
-908 -3186 184
1478 2168 18
-133 3527 -33
-3039 -3123 -36
-3332 -1974 19
664 -2226 10
-273 67 44
1269 -1738 3
-3237 -2948 19
-258 3060 547
-1146 3026 7
-1546 -3188 279
815 -1117 7
2437 -1317 608
-1853 1680 29
150 3200 513
-1825 3049 -5
-1007 3879 -16
-1938 3291 -21
-46 466 245
-3088 -2204 281
-1967 -3061 229
1291 3398 485
58 1408 21
1649 904 567
-2012 1326 193
970 1305 31
0 0 80
