-745 174 162
-168 -3138 326
2900 250 34
3169 -380 -16
-2041 917 186
-1576 478 -78
2965 690 20
-1020 675 27
-490 613 -40
1415 -600 -23
367 814 -276
335 1091 -301
2560 778 4
-2401 896 -157
1370 -201 48
2162 -525 -98
2922 -158 -109
2655 -334 -61
-963 -175 -53
-67 -923 -19
120 -3205 128
347 -3074 235
-401 -2930 136
-290 -686 -33
-1536 823 -68
1690 -3072 118
1672 -704 72
113 -1494 -29
-613 -890 33
754 383 -76
-158 -2994 56
893 -864 -321
-743 -304 -53
2031 -781 -70
577 1848 -90
2788 -622 -87
3071 929 -35
231 697 393
2118 561 -32
2079 -57 -2
577 -720 -55
945 -743 -33
206 255 550
-958 -491 -50
1234 417 -340
1200 1068 -80
394 -1355 26
-787 818 -75
1654 203 -80
-2620 474 91
-735 350 -34
775 664 -176
1043 -216 -62
101 629 -113
-1732 1226 -177
316 -739 -83
2824 1007 -65
749 -140 -82
-891 133 -78
2303 -766 -38
320 -2816 49
1763 1080 -133
-1826 873 -208
-874 -815 -2
0 0 5
1400 21 -82
1031 160 -97
-16 -328 471
-188 560 -27
122 1374 8
-102 1390 -148
715 -3063 89
223 1298 426
1564 -1135 -98
