234 26 -432
2572 -428 -733
-1166 -44 -1041
870 509 -1050
1666 -73 -301
229 137 -1027
-2231 -363 -1032
1421 -224 -340
336 294 -369
1049 542 -476
-2617 107 -391
1405 457 -350
2422 -258 -297
-2615 -191 -255
-1000 108 -272
-65 830 -1075
-2868 -155 -396
-362 573 -431
-1941 717 -890
2137 326 -207
-1811 699 -312
202 601 -494
1445 116 -348
53 1024 -382
-1126 1367 -853
-2544 800 -845
2081 675 -50
1299 -330 -23
-993 484 -276
2106 29 -281
-1206 -150 -345
-378 858 -1035
-539 136 -447
1728 473 -471
509 -204 -455
430 1249 120
-2036 853 -280
-1777 163 -367
-2699 314 -221
-1932 -28 -456
-1194 483 -456
-561 -451 -357
4 1431 -996
-2277 170 -363
1328 -314 -1042
7 -606 -1118
-2261 -214 -450
-2727 770 -1092
-2105 -210 -205
887 687 -339
30 202 -476
536 885 -1187
1881 174 -307
1875 687 -375
625 51 -139
-194 55 -967
-2219 619 -445
-309 -285 -222
3 -119 -339
922 67 -476
2177 687 -410
115 -187 -1052
1037 407 -256
497 711 -328
-316 285 -466
2230 403 -476
288 973 -719
-1389 334 -205
1167 420 -1167
1984 439 -434
1172 -38 -415
2561 -482 -1059
953 1044 -380
0 0 10
890 -212 -483
