-2538 -180 321
-3516 -548 470
-2896 252 669
-2681 -530 528
-574 236 633
-3188 -234 564
2201 -341 266
-2485 559 579
-1742 69 347
2542 -252 336
1743 327 176
-3761 579 461
-3541 342 535
-413 81 125
1619 -166 408
2774 537 563
-2320 -528 857
2536 -568 683
841 -269 368
3587 -569 549
-190 359 325
-1497 -238 353
-2738 -482 540
3564 -313 63
1931 -329 329
2690 -485 433
3078 -122 283
-2036 261 303
3430 -71 291
3179 312 288
3203 -569 343
-3051 546 498
-3008 252 328
-1537 207 240
-580 -245 494
-2566 38 118
-3237 93 178
-2566 194 365
-2320 -528 507
-2799 -436 268
-3083 -560 233
-3381 439 218
2989 119 78
-345 -191 309
2268 537 328
2462 -547 323
3523 -457 323
3640 290 303
-3745 -326 288
485 -263 111
2888 -257 148
2230 -140 66
1142 -14 132
-1164 -54 135
58 243 409
-2002 -249 56
-2998 -219 145
-2520 -607 313
-878 -237 404
-2154 -273 370
1290 -250 314
-2343 419 250
-3761 579 441
1743 327 156
-2520 -607 238
-413 81 90
1897 -247 1
0 0 10
2576 -282 78
59 -256 306
-2732 550 185
2740 435 180
3254 -343 152
2972 -499 198
-3549 -268 83
