-1730 2279 48
-106 -1513 165
140 1628 70
-171 -30 605
-1292 -1641 98
-906 -378 18
-882 2350 40
-717 1903 80
-233 2229 360
-2003 735 -7
960 -694 91
314 -258 93
1071 -1513 3
-294 -1892 303
-1575 867 240
812 -1488 177
407 -1565 480
25 -2607 28
-1163 -1373 160
356 750 127
519 1802 75
-936 1704 73
388 1961 383
769 -2140 48
-2159 229 128
-1159 444 246
-2330 974 95
-2448 -487 117
-1260 868 38
-1073 860 348
-276 1967 104
-1699 1559 143
-1162 -310 83
-1174 -563 68
465 -1844 195
-1735 -880 358
-892 411 173
-1964 132 287
260 -1498 135
-629 815 51
-2192 -2213 125
729 2200 203
-1939 -1197 198
-1098 -869 348
-209 -625 393
-1402 -261 423
-2136 1605 -17
-1257 1349 348
-1179 2303 68
-2274 -85 202
1012 -415 43
52 -1716 45
626 -1998 335
-635 2371 120
-233 -573 43
-2302 -1358 425
992 1926 143
-1715 1232 98
-549 -1857 123
-2045 2278 305
116 -702 91
231 -2252 38
976 2449 58
-1746 -2405 363
-465 1566 225
13 893 122
-2511 803 60
130 -453 38
-824 -854 263
-1581 -1923 81
462 2103 108
-1754 663 161
192 2083 128
0 0 65
-217 -915 209
