1241 3302 97
-325 -654 102
-591 2913 195
2832 -2977 86
-3220 -238 56
2673 2230 51
1821 -23 959
533 2518 101
227 -1499 -1617
65 3016 102
1545 154 908
2898 158 95
891 2809 192
3365 3235 194
-562 3284 112
1392 -1312 -1502
2795 458 186
-487 -3366 131
2804 -841 66
-1280 -2897 132
2358 3187 147
-787 -2622 212
-748 658 143
2441 -14 545
3695 -2448 1240
3439 -104 46
-60 -2676 177
-2403 913 -1284
2391 896 -614
2018 2746 61
646 -2253 147
506 2 921
2439 2501 71
2788 30 931
3293 3695 125
2792 422 602
3648 3136 207
-2476 2715 165
-2927 450 453
169 -421 241
560 -2770 242
-224 -2481 66
216 1876 81
2761 843 51
-3208 -1295 134
2784 1999 51
3520 -2752 174
3455 3490 184
1601 228 -1302
928 2527 56
2719 2732 96
1005 -2862 174
182 -1476 86
1 172 -1608
-1132 -1543 -1587
2799 1332 56
2355 2233 274
43 -3459 97
445 1203 51
2603 -193 941
527 2910 147
-573 -11 769
0 0 30
-528 1430 -395
1272 3618 102
2185 40 1337
2793 -400 803
2780 -1163 161
-141 -2165 199
-2813 -294 460
2280 1236 -432
-2011 2577 164
775 96 867
-1284 22 732
2310 1592 -242
