576 1504 -408
680 2023 -540
762 -358 -696
-78 535 -468
1180 -306 -114
263 495 -605
374 15 -660
-777 1632 -666
-235 2019 -606
-517 -218 -650
-751 -129 -420
516 -552 -646
-740 261 -376
1228 858 -588
-714 -523 -517
282 1282 -513
482 -950 -563
-500 -877 -648
1384 1071 -636
1102 301 -646
1790 316 -616
1264 -800 -651
885 1359 -601
199 1595 -503
-62 731 -716
-1011 2671 -636
1074 1537 -604
-123 -1332 -656
-338 -678 -676
2000 700 -616
781 -1195 -711
-885 -849 -664
-833 1346 -503
1841 1447 -641
1391 -632 -144
1265 79 -671
696 1154 -509
1109 -630 -159
525 1776 -535
516 -284 -651
846 -802 -645
383 -1431 -610
183 -1137 -599
396 2317 -583
2021 2745 -618
626 -1439 -696
-167 300 -675
-836 2286 -681
53 -3 -696
1560 2563 -704
-432 1874 -706
215 -644 -706
-618 852 -607
1240 2698 -582
2026 2477 -628
-1071 402 26
163 230 -646
-618 33 -617
648 155 -332
1865 939 -122
999 72 -667
1950 1072 -676
953 -629 -395
714 704 -614
274 268 -171
1306 -1219 -636
-798 -1545 -692
995 979 -631
-528 303 -641
1129 78 -174
1417 471 -671
1488 1757 -646
-297 576 -620
-488 -1285 -721
1805 545 -716
