581 -228 70
-2682 -843 50
165 -1826 -409
-689 1373 -102
-454 2796 313
-68 -1971 -332
-2885 -1023 -30
-197 181 21
1388 -363 13
-1628 -1367 -503
-1262 -1 65
228 -1264 -538
982 6 57
-527 -598 -12
-471 -341 -17
-1618 -2445 -221
472 1659 -439
80 -1388 -977
1259 -1717 -556
-21 1125 433
796 -278 -443
-1300 1111 -468
-1064 -1358 -743
1872 -1656 191
2392 -1086 102
-589 -1004 -239
-2149 -95 90
-622 -29 43
-2595 -602 106
1456 788 13
-279 1006 208
922 -1063 -548
918 2463 273
-2264 -463 160
-356 -2102 -656
-1919 19 73
-87 -367 3
-3472 -577 103
-1995 -1814 -463
278 1471 -873
921 -1809 -548
-2424 -315 -17
2575 -688 96
2434 -1538 73
1587 -515 87
-2618 -1782 17
-912 136 39
-2201 1875 78
1756 -749 18
1257 1349 -340
955 -2597 -149
2191 -1805 111
-2564 597 68
-3010 -1277 -17
-1213 -279 -7
-398 1431 -491
-1209 -1677 -806
600 2362 247
-1552 -844 -897
-2521 283 113
-2226 -1708 103
-3280 -1418 82
-486 -1283 -940
-717 1149 -922
0 0 40
-2107 -307 455
-1530 -201 63
1377 -89 44
-1717 -297 -832
2099 -1063 209
-562 -1875 -382
1457 -891 79
-3166 -521 193
-1913 -343 8
-591 -980 -606
