1241 2691 59
-432 -2202 345
-910 -1919 453
-4 -2137 190
0 0 40
-401 898 255
-362 -2799 583
3294 2715 129
-2295 2093 575
-557 -3305 214
-716 -2393 274
-1046 -1656 130
-627 -106 239
-1948 1274 382
-151 -254 124
3318 3349 177
-845 -2973 127
-43 -1126 35
34 573 269
3049 2534 205
-46 -1770 43
-409 2196 227
-2055 448 317
-2068 1371 593
-449 -2853 135
-21 -2447 155
2456 2251 79
-314 572 223
-583 -1498 40
2295 2098 220
-33 -1977 412
-799 -1497 158
259 -3156 96
-764 2722 146
1609 2694 150
-777 -1824 75
-505 -981 30
-1390 -1006 359
-1779 -1110 504
1950 2502 110
-204 2746 90
70 -2916 268
2004 2153 85
-194 -2320 492
82 -1553 92
-674 -2022 417
164 2734 84
352 2291 106
702 2389 185
498 2572 64
-1011 -3359 94
-1511 -1287 377
288 -2163 120
-92 2137 106
227 -1906 35
95 -393 67
-2111 2584 370
2661 2445 175
-703 -2613 150
-425 -435 201
3571 2971 109
-1006 -2671 247
-983 -1278 35
311 -1934 494
-1076 -1925 130
-1839 2534 302
32 -3488 229
-577 2484 116
-580 739 114
2873 2252 235
-2123 1707 370
-673 -779 46
3402 2323 78
2652 2870 111
-163 -875 47
