-1916 1223 303
-2799 1685 168
-41 400 506
-541 2839 293
449 649 191
-2706 3059 264
-2649 2735 229
-2064 1521 266
-1224 -214 268
-1792 -546 274
-215 1263 528
924 1112 259
-1353 1337 267
2137 817 239
2589 16 304
2730 -509 387
98 844 244
-287 1378 212
-2603 481 278
-2696 1190 204
-633 1073 397
-2606 1506 301
-2466 2970 429
-701 808 229
-430 2337 264
1398 -655 268
-37 117 487
815 849 513
-2265 3201 276
-1615 1147 483
2574 737 288
-2428 945 254
2786 1263 224
-2396 2364 204
-2797 1994 189
-292 972 199
-325 690 209
-2668 -227 229
-2388 1256 314
-520 1807 219
-3217 1439 477
-3355 2032 299
-1162 1519 244
-2478 2044 363
679 -17 304
-2663 3356 284
648 862 249
2551 1101 274
-806 -535 304
-1566 1476 273
-2320 332 204
-357 53 327
-722 2414 319
-1468 1089 248
2350 -487 325
-2100 612 214
1147 963 618
-1724 3312 274
-982 3357 224
-3349 587 194
811 -433 269
-1448 3452 256
-782 1439 349
261 368 194
-2299 2721 258
2636 -265 239
-864 3104 239
1693 -614 260
-2039 25 530
-554 3400 254
333 51 193
-3273 1002 507
