-486 1375 -322
-1515 -581 -373
-2543 469 -339
-438 -745 -334
1274 161 -289
-2027 94 -406
1535 -225 -113
-2497 735 -192
1135 641 -368
2103 -103 -315
-256 1008 -201
1240 -149 -123
-608 288 -306
-472 -330 -246
1464 3 -188
512 826 -233
-2197 419 -362
561 -79 -264
2248 -313 -328
-1706 -72 -434
-256 -106 -286
1721 78 -78
441 1347 -353
1608 -1305 -206
-1291 177 -352
1288 -313 -400
-2543 50 -364
-1419 -267 -373
1533 689 -241
953 -15 -296
-732 -444 -257
214 -458 -309
-1636 198 -247
1812 74 -516
-2218 678 -212
-452 1930 -496
612 -465 -244
1596 -641 -383
39 -2 -296
-946 -419 -447
1654 -169 -333
1932 -1037 -310
1957 -402 -343
409 297 -318
2462 -210 -67
-2536 -242 -342
453 -1451 -341
-2195 -125 -349
-1213 1483 -417
0 0 15
-1879 661 -389
1931 180 -318
1954 -1411 -277
578 540 -469
1269 -1473 -274
-119 1407 -446
414 -295 -411
-2166 -1128 -118
-484 982 -306
847 -1465 -267
-273 -1292 -359
-2422 -847 -158
-2641 -79 -114
-270 2138 -326
-172 -561 -418
1513 1181 -336
-44 788 -271
-2123 2219 -324
1208 1258 -318
-754 1027 -297
-1872 2087 -377
-31 533 -261
-872 5 -445
-721 1916 -337
105 998 -291
