296 462 202
-2641 -161 -23
-283 -928 219
1526 67 118
-1449 30 -413
-1719 -1672 -292
-2554 -927 -181
58 632 -18
-971 -1446 -197
-519 -1346 134
-1243 224 -503
1467 -397 -147
429 -680 119
-195 -367 182
-2427 -362 -201
-931 219 -423
965 -687 28
417 23 -86
-2320 880 -201
-285 46 193
-2692 589 -296
-2732 -623 -231
-2579 993 -227
-1947 1463 -187
1666 1087 119
952 -175 3
-200 -225 -41
1443 475 80
-347 -633 -81
-512 -278 -59
-607 -1640 115
-776 1554 -143
-145 749 147
-1654 239 -131
-739 1398 72
-2064 -47 -561
1185 348 241
-1038 179 -181
812 33 -125
-2150 1151 -145
-234 -1134 -51
959 654 -177
603 -109 78
151 284 -76
-27 -830 88
1272 -167 5
-2046 74 -16
-1075 93 119
695 -679 79
1874 741 -10
619 442 -162
784 24 246
-2486 -573 -366
934 -461 -162
-1284 1457 -44
357 -381 -77
33 -550 44
-305 1677 -6
-134 -1432 -81
-120 315 38
1272 187 -82
-2180 -315 -52
-2014 -1468 -295
1871 496 -84
-441 1323 -21
-720 -264 -553
986 389 -127
-676 91 32
-2137 -365 -341
-394 150 -36
1815 -314 -137
1698 136 -147
0 0 35
1402 962 -124
-71 1201 -81
