-247 -2565 481
2812 -2228 121
-2352 1087 360
2757 -2093 443
1538 -930 -300
1378 -1600 420
-2876 -1764 382
2388 -868 -430
-1583 -1745 -420
-1475 -2570 168
1780 -384 -345
2919 -2933 267
1204 -2726 728
431 -3396 55
2001 -2671 617
-1305 -749 97
661 475 -385
-2084 -2015 -251
-2639 -2478 344
3070 -2727 240
-2386 -2444 -429
1828 -3355 477
2534 -2994 442
-2174 -435 -310
-3304 762 343
1229 -2593 -420
2449 -2345 1218
-2466 804 1133
2564 -3335 183
-2884 -506 1174
-1450 -426 -306
-2366 -1997 220
-618 -2494 268
1409 -1433 -430
3139 -2968 616
-3168 -779 934
2176 -1813 971
2790 -2396 592
2244 -2608 403
-3370 -1494 497
967 -434 -386
-1898 -1839 -344
1711 -316 374
1117 -1856 -305
-1999 -2517 -357
-570 -2796 -425
1744 -2331 170
214 -2372 -73
2252 -3067 221
-2412 -3275 510
898 -2697 687
662 -2492 274
-2985 308 519
-19 -2557 269
2755 -2664 262
-2548 -1046 -435
1827 -3439 196
2257 -1766 61
-2781 -923 373
1559 -2272 -425
-2601 686 1506
-415 -1997 -60
2464 -2752 417
2721 -1808 122
1800 -2836 -65
2495 -2440 252
2412 -3439 486
3003 -991 251
1744 -1481 -412
2223 -2737 71
-2555 440 489
2838 -1066 56
-2371 -1659 276
-1677 -2690 -223
-3301 249 383
