-617 194 585
-1257 -2893 307
-1456 -283 661
-1844 -118 189
1122 -273 427
-2676 2999 170
-2175 -1569 817
-2922 -3120 312
2981 153 444
-1864 37 725
1043 189 352
1649 -2066 412
-1613 451 632
-2236 3332 120
2347 -93 327
-1619 3218 204
-2478 -836 501
-2710 -1344 809
1045 -2182 400
-2105 1374 -72
2120 -1434 790
-779 -2199 337
-2158 -166 156
-629 -74 563
-1934 -1467 701
-898 -1246 756
-297 -2645 402
-1599 -1518 742
-2639 -2459 546
-2348 2808 119
-1427 -945 670
-2675 -2642 307
-1641 -2805 284
2651 -339 382
-687 -1205 302
-3048 1756 211
-1121 -493 568
2711 -599 322
2404 -366 307
-2933 -2399 372
-1332 -504 841
-596 -495 596
-2393 -1335 766
2950 -1785 332
-1238 -474 162
-1801 2643 145
-78 -433 955
-3567 -2365 749
-1183 -5 661
-628 -406 849
0 0 10
-2580 2649 251
-1258 -750 647
-1679 -3311 307
-2562 -1058 594
-3175 -2765 327
-1163 2041 216
-1231 -1120 168
2410 -1524 332
-184 -137 567
-1132 -225 541
-2160 -1036 1706
151 45 459
-2595 -1672 761
2722 -1198 405
-3022 2209 206
-1530 -2247 307
-1078 -1355 190
-2903 -2361 657
-2359 284 212
-3341 -1481 337
-1746 -860 115
-2703 896 170
-1991 2103 -400
-2961 -131 358
