545 273 -3438
-1166 490 815
1775 451 -3473
-63 345 -2616
764 1003 765
-1236 324 -2749
1156 569 1587
62 495 -562
0 0 25
757 1003 -1164
225 1247 1602
-938 -416 -3687
1313 -710 -3574
584 257 1599
801 495 275
879 878 -515
-846 635 1604
16 274 -3417
1257 298 -3428
897 -573 -1247
-200 601 1587
399 587 1689
53 493 -884
882 495 1617
823 216 -3477
-478 421 -258
-966 -1728 -3384
-563 -134 -3411
-677 1392 1634
380 -357 -3591
1245 490 -2535
-297 488 -2576
621 -1469 -603
-815 309 -3433
-49 -715 -3686
-1410 179 -390
719 268 -134
-638 274 1617
744 1003 1497
-256 1248 1607
743 852 -1979
-1149 495 1404
-353 287 -3463
-1091 546 1687
636 -1534 -3521
211 300 1640
755 761 -3402
-793 -198 303
587 445 -655
785 845 -81
767 1007 -332
-1144 -1637 -3571
684 489 -3473
1681 432 1587
-42 154 550
-810 456 -188
-1226 11 -187
472 -834 1168
605 -1350 -879
579 -676 -3598
-2092 -81 1697
1469 136 -3512
859 488 -575
-32 85 -259
-122 -1409 -2224
-391 -1211 -3621
76 489 -2107
463 495 -1928
-1216 -1322 -3550
240 -9 1663
651 1148 1705
-1572 506 1612
-350 364 1592
1440 -510 -303
-1612 -767 -59
