-2524 2183 214
2419 282 199
-2727 2020 277
2540 169 452
-2803 78 -443
14 2486 175
-1064 1519 18
494 1828 18
1392 1125 414
-2898 1105 142
-2709 586 -446
-2394 2067 -120
2745 -105 251
-3059 1166 -282
-2774 -248 -8
-1370 -83 135
3666 550 108
-2693 206 -138
-2941 318 -458
1121 133 239
-3241 2601 130
2330 16 294
1157 1288 -280
-3081 1975 121
-1071 1878 140
2754 1514 -40
-2155 2775 -69
1879 247 -46
-3551 2465 -68
3568 -144 158
2546 471 39
-211 1378 214
-2242 1563 182
1782 490 42
727 2486 429
-387 183 43
-2593 3040 195
-1041 1176 174
-2921 1499 -203
2820 195 3
-2974 2524 -95
1602 837 604
-3290 3075 204
134 1117 -71
-511 1186 521
3651 310 13
1585 946 -137
-983 -298 215
1014 515 434
1849 33 271
-1562 15 -171
-2460 323 -453
-2704 1891 -126
972 1134 444
-1166 2477 175
3422 92 4
1289 1609 -136
-2304 2477 -74
-2680 1129 -300
349 2542 610
2131 -27 -61
-173 1225 530
2858 -657 -1491
3134 274 -41
2376 244 -81
-3307 1609 -243
64 189 174
-186 1163 24
1136 1173 -45
-1712 -264 -353
1078 2257 375
