3346 3252 -874
2869 3249 -661
641 1882 -1115
-551 1385 -1140
-1246 991 -1090
2040 -698 -769
-312 424 -897
-367 25 -839
3036 -2743 -936
3193 3094 -672
1787 3305 -741
2341 3511 -731
-1648 -2281 -848
-1037 -3240 -834
2038 -3326 -657
2682 -3296 -653
-1913 1406 -956
2928 -3204 -624
3277 -2847 -662
3217 -2199 -921
1876 1593 -825
2103 548 -1106
-397 1581 -985
-630 1511 -853
-1889 870 -1100
3366 2774 -896
2942 2947 -887
2202 1505 -792
2362 2440 -961
1048 3280 -1077
92 644 -1150
-1709 -126 -981
1968 1166 -796
272 480 -1074
3341 2474 -926
2452 -1303 -1208
1007 -193 -817
2786 2482 -831
1982 618 -802
3360 -2640 -941
2507 -844 -1233
-1324 -2700 -1145
1393 2890 -821
2716 -2482 -951
2114 -1088 -766
-1360 -199 -931
2215 800 -814
331 63 -892
761 2081 -961
1961 -1947 -845
-1559 69 -1054
2669 -2984 -977
-1843 -2428 -1175
2539 61 -1090
3125 2694 -951
2423 3233 -820
-932 1340 -1132
177 1217 -1066
0 0 10
1592 2991 -1104
719 68 -797
213 -656 -1170
84 -85 -887
2970 -3516 -992
1009 2582 -1175
2393 -3272 -834
-662 1206 -952
1547 -3043 -951
50 -44 -1185
-1682 -449 -1073
2124 -1577 -772
-1519 -1683 -1120
-528 -2698 -1180
1814 6 -807
1914 2147 -865
