448 2225 643
145 859 386
-1093 325 481
-1601 1458 662
363 392 413
-118 322 431
-1 2206 810
-326 2835 509
245 2739 441
127 1811 918
-991 1267 431
-139 2276 1223
-367 1305 541
-1038 2478 739
-587 2526 702
807 1449 411
564 428 587
719 2194 451
189 977 441
-29 2949 577
613 1306 236
-560 2784 620
-1818 933 222
-723 641 932
-413 2111 753
-1590 984 457
0 0 255
-1955 552 1190
-295 524 778
-1510 1227 452
-267 1872 181
682 614 944
545 701 673
872 882 959
-2014 296 1129
82 1646 204
-671 1632 457
273 1632 465
879 1770 166
-1399 482 153
-629 1968 141
-1107 1576 146
-569 2222 572
-233 2966 1017
-1142 2129 86
-1581 1030 121
-1030 2495 432
-434 2509 1017
16 2989 270
816 2091 1112
-1049 979 51
879 2223 51
683 401 122
-1903 -431 44
-819 1709 56
-44 -175 33
-1463 188 46
-1833 52 67
-2057 268 72
-575 567 654
-881 651 696
-1963 744 1043
