-104 1918 271
0 0 120
-334 2166 1021
-1338 410 81
-684 1563 283
-341 1008 62
-1607 207 906
-1652 2144 486
-1105 2176 126
412 1904 284
-592 2639 946
401 561 1088
373 1828 553
-334 2166 981
485 91 261
-652 2848 290
-1883 414 1087
-11 1591 431
-342 29 722
-1874 1650 697
-1227 171 261
-544 2183 116
-1423 1583 286
-560 1692 1020
-230 1137 491
-1616 2309 1017
-609 1397 493
-428 1660 73
-479 712 1058
-368 2688 366
-298 1347 139
579 313 511
-1087 1593 396
-2485 1647 56
-885 657 353
-1835 1183 572
452 2160 695
-1436 783 701
-554 2191 443
-240 2480 804
-573 2480 664
-677 1970 616
-1086 899 456
658 1938 116
-180 2595 214
-1618 651 76
-1040 2223 434
-208 2429 1194
0 0 785
-560 1692 640
-312 1680 636
-1903 468 308
-843 2055 61
403 1496 927
-112 2355 564
96 2879 258
701 2249 611
-227 1939 70
-485 476 565
-400 2735 796
-879 2316 754
0 0 260
-337 1946 381
733 2245 386
-560 1692 1015
243 2009 951
501 1686 396
-1883 414 672
-445 1291 728
647 2601 296
-268 2312 -10
0 0 110
464 1123 76
0 0 120
0 0 95
