-1192 -692 351
-488 -2098 6388
134 -641 942
-1035 -1531 6638
-339 207 1022
-41 -1463 6288
-379 -1744 281
-210 -1696 751
286 -1582 536
311 -872 2461
-588 75 491
-316 -997 2056
0 320 397
-1216 -2112 2848
-1208 -1703 591
-766 -2203 3826
-195 -273 4791
-1129 -753 3696
-46 -912 3315
310 411 4098
284 -988 3746
-494 -837 -37
16 -1104 416
247 250 31
140 -836 478
-621 -1811 1756
112 -943 -2
280 44 541
-828 -880 511
232 -115 1064
-578 -656 256
-347 -158 286
0 0 830
-804 -1253 246
-758 -1430 916
-336 -1903 933
-349 -480 236
-1049 -109 1770
276 411 998
-875 -2258 231
35 -1722 -2
80 384 1321
323 165 1851
-518 -549 825
-1058 -1356 363
-210 -768 1366
-1134 -987 546
335 -710 681
-211 -943 441
18 -1955 1118
143 -943 1353
-703 -1295 -4
-447 -1270 1366
-958 -2064 26
350 -1296 1471
-1173 -1523 1296
-502 -883 1356
-1024 -1856 1301
-832 -1920 338
-1364 -933 1456
-399 -1007 953
-1088 -632 1176
-1376 -1139 291
-1341 -1518 1071
-484 372 556
-768 -2239 616
-197 191 686
-1075 -636 646
