435 857 456
-372 2280 224
-511 1280 641
490 287 298
-952 1007 186
-1012 1457 121
-7 2459 771
-332 2628 399
-129 221 471
432 2864 572
-152 1780 342
-769 2127 141
-15 2916 223
-235 1985 568
-108 1148 312
-1434 398 144
-233 2033 101
285 1785 173
-532 2762 727
211 763 141
762 2166 96
-1083 1734 196
678 431 844
-165 2982 1519
184 214 161
-1123 2076 232
696 824 742
308 1189 613
-1199 1048 46
-115 401 28
-393 1550 176
-1750 2520 1544
687 -46 351
-1097 727 146
-884 1861 391
406 2259 378
-1066 127 466
-1038 2566 562
190 1739 790
-1469 1958 372
614 2223 2101
281 2229 133
664 1241 467
-1282 159 146
-528 2544 1225
-219 911 278
-444 374 524
-1444 1524 1122
-670 1843 570
-489 495 170
-1472 761 262
168 2176 976
640 160 146
-1231 2191 636
-416 2212 550
879 1383 458
-704 1363 136
-520 2030 313
379 1123 111
-720 2219 516
671 1811 155
676 431 192
245 1933 628
-445 1186 161
6 2228 564
-1481 1108 422
-339 120 196
394 2889 927
647 1800 480
-523 2787 467
-1008 -130 134
-151 1013 46
-723 2582 402
0 0 0
840 1432 51
