-790 1755 606
-669 2667 541
687 1416 1251
513 2756 441
-43 774 563
-439 1696 370
-2198 235 272
655 2166 1031
829 1725 1233
575 1560 886
-478 1275 686
-992 1134 1516
687 1044 1173
-1840 775 2136
-160 330 481
-239 2837 1219
-656 2346 2096
-1775 1098 341
-423 804 -27
-116 2735 511
-1501 19 122
334 1408 839
-1721 1601 447
54 617 176
128 2685 481
588 523 613
445 1903 657
755 2394 510
-687 2340 1519
794 2441 1251
-1476 375 186
-485 1742 779
-397 2191 740
240 144 364
-653 2417 617
-403 2402 1459
-1072 -87 90
-1120 1509 136
-1177 824 432
686 1370 66
-592 2607 2029
-1452 310 751
-838 1786 71
-660 1935 437
-687 1615 211
-1171 1221 161
-1842 1740 637
-1804 -176 384
-1459 1827 817
248 2372 857
-1445 1326 457
-171 2446 774
-235 2431 344
-1786 798 77
-1356 1698 271
-528 2416 366
-979 2013 276
-2000 302 592
-77 1391 1002
-1443 1072 363
-444 226 241
-1966 283 373
709 1940 151
559 2422 2086
-862 2476 219
-1173 1410 1811
670 2252 242
-54 2191 685
611 1616 499
-1838 475 72
0 0 235
433 1002 51
-1455 700 403
-1554 2310 489
-1966 283 373
