-2556 -3375 695
-2880 -2852 775
-1934 -1 809
-1257 205 412
-2688 -2974 586
-1051 -870 1001
-2484 -1127 1173
-1112 583 737
-2887 -1826 1148
-2479 847 821
-797 -566 1189
-755 793 1441
356 593 1544
-76 -696 1305
-588 368 1279
-2004 -2247 1724
-1554 -2290 1734
-2589 -301 591
335 -1808 832
-1954 -1165 1729
-909 -1843 961
-779 849 1006
-2529 -3088 151
-2441 -2251 850
-1303 -2090 1314
-2991 504 785
-1672 -518 1203
-2723 -913 895
410 -2151 864
-1903 -839 712
-805 -1100 846
-2724 -521 192
-2854 -178 635
433 1029 748
208 -1553 883
-705 1048 835
-1574 -766 1117
-2254 429 815
-605 -144 1029
-2790 -630 693
-3042 -1293 391
-1608 239 956
-2542 196 838
-2754 -2098 300
-2254 429 845
-2476 -2021 320
-2688 433 820
-3072 -1561 287
-2548 -916 541
-343 818 781
-1261 -893 806
-900 545 1035
-1755 -721 874
-979 -1327 826
-2741 -2770 141
-1679 1206 881
-2750 -899 207
-974 -465 856
-1484 985 159
-690 50 874
-1111 958 221
0 0 45
0 0 55
-1646 915 686
0 0 65
0 0 25
0 0 50
0 0 35
-275 -2100 844
-2510 633 231
-2585 -1 192
-314 1047 291
-1465 -1143 712
-2590 -1211 386
-821 -193 844
