-706 -2164 183
-437 -2199 54
-135 -2135 168
-537 -1378 34
-235 -1424 168
-7 -1409 29
287 -1453 173
569 -1515 49
-430 -847 168
-166 -786 44
304 -867 69
542 -852 168
770 -872 44
-522 -153 168
-916 526 -137
291 -119 59
550 -118 178
842 -143 34
-665 634 168
-447 679 49
246 704 178
782 761 173
-1222 1460 173
-913 1422 54
-681 1400 188
-370 1357 49
390 1339 188
859 1329 173
-984 2041 173
-690 2058 29
-17 2124 183
42 2852 168
541 2773 173
1183 498 110
629 3428 -76
-397 674 14
680 3080 124
0 0 15
680 3080 119
680 3080 124
144 -292 14
-446 1781 35
-31 833 95
-201 1582 90
641 1562 110
-382 2227 100
955 2345 85
454 809 327
965 892 322
-37 1693 332
918 1658 327
489 2297 322
742 2290 327
-1131 895 574
-879 959 569
-153 2345 574
337 2322 574
159 1083 816
-916 526 -162
0 0 0
0 0 0
0 0 5
0 0 0
0 0 30
0 0 10
0 0 5
0 0 5
