1104 -912 1229
-1873 -411 4
-702 1699 502
948 -510 -481
1329 28 2281
1483 1199 9
-855 675 1151
1194 642 1281
96 -676 -461
-899 -262 -120
1054 -1064 -466
1144 -208 -396
-349 1490 598
-167 1462 1892
725 1750 183
266 1492 -273
1568 1030 -441
-401 844 -219
1400 -586 1834
1983 -1071 468
1083 -303 771
1102 -722 -382
1121 1839 -258
402 628 -133
-1379 965 -101
198 774 -318
-965 -1015 316
633 1595 -302
961 -569 914
98 1839 1372
-202 754 24
1175 1224 331
876 1983 267
1693 576 33
1179 1839 442
1298 1120 796
1009 1162 -4
1790 1350 -96
39 542 437
-106 451 39
463 212 -486
-925 -149 712
-1116 -771 625
122 1682 360
-721 899 -245
1316 1494 999
1236 1577 438
68 1157 444
161 1491 597
914 -676 -46
-744 1312 -135
914 -676 369
214 399 -276
-1468 -306 666
-1399 783 -420
0 0 100
-1762 -314 -366
1119 -1369 653
272 1094 -491
-1719 -34 144
682 1436 679
1886 1251 334
-899 -401 -394
-664 1047 139
484 1709 -124
593 -3 -181
958 736 -125
-793 -556 -142
0 0 295
440 1055 -161
1840 882 54
958 736 -395
126 1597 95
1113 1563 -389
1891 -265 -96
