-401 -2309 627
-1447 1362 387
-2094 -148 580
2120 -3775 353
933 129 731
1335 -320 138
-1444 2526 347
-997 962 845
878 -746 645
-1158 2357 383
2211 -1097 728
-1651 908 333
1902 -732 213
449 -3638 248
-581 -2856 322
1868 -997 162
-2198 1027 334
-470 1614 380
-91 1375 467
-395 -1638 593
-911 3325 388
-1352 1034 318
399 725 739
-374 -2174 366
-980 -554 802
-713 -1519 675
-109 -3033 591
-2679 -13 102
-1391 3616 448
2834 -3477 298
-1396 -903 823
-1634 -1547 560
-287 494 150
-27 -1422 902
-2128 13 235
-1274 -1484 835
-1946 -1798 377
-451 -962 840
-94 -3487 248
-2056 699 270
-1050 -1216 756
756 -9 263
-712 -3291 262
-1202 1827 341
2145 -1149 210
-1432 -586 711
-2020 -1017 591
-2813 -295 106
-1394 -2724 473
-853 -2714 317
-569 -3040 546
-458 -3442 294
943 -3622 238
-2157 -2469 388
2108 -2375 111
-1024 -2484 350
-983 -2121 487
-1615 3210 453
-1378 622 237
1412 -3462 318
-1044 266 848
-645 -1178 766
544 -159 1029
1818 -3809 243
-1778 -87 630
-670 -2169 239
-3021 -712 159
-2091 1508 361
2875 -3938 315
-1362 -1707 621
1632 -293 165
0 0 20
-920 -1857 627
-1224 1547 423
1502 -155 772
