-876 -400 1022
647 696 927
-11 -431 1942
-305 -723 -303
610 -26 -88
-640 -192 -140
407 -205 2062
-539 -837 1289
-115 930 -214
991 -163 2886
64 742 302
-672 -416 1372
-907 -196 -138
-140 427 -203
208 493 -263
142 717 -393
-807 -632 -88
580 975 839
-15 -955 -331
-624 -975 319
-493 -26 457
343 29 -113
-144 -975 464
-770 -266 507
-832 192 332
-564 168 -393
-294 -597 522
-499 836 572
126 -137 -348
896 -160 -178
773 -272 497
844 -30 217
682 600 482
-294 -367 -248
469 -126 -358
23 -647 387
683 768 -318
-991 -47 302
-676 836 -158
431 895 394
235 -881 -168
-207 -112 -148
876 -777 297
896 896 -87
-864 -556 277
-336 -463 109
632 -453 22
-391 -975 72
-336 39 77
-838 -41 -363
-829 -5 27
-873 -835 -348
61 -798 128
-251 835 182
598 -926 67
410 731 -358
-972 241 -28
0 0 450
24 419 215
747 -566 -378
698 266 -8
886 -437 -38
612 746 -18
-401 16 -253
