-607 -548 -66
-170 -572 -81
150 -577 -86
748 -549 -71
-439 -171 -91
-17 -136 -36
-585 415 -16
41 443 -46
671 524 -36
-54 967 -101
322 892 -96
802 896 -56
24 1267 -106
690 1228 -41
-620 1689 -51
-240 1653 -66
102 1587 -91
410 1594 -81
-514 1953 -71
-175 1937 -41
254 1915 -76
535 1853 -51
867 1751 -76
532 -174 -97
-242 20 -87
-190 337 -57
264 323 -97
-275 718 -72
-489 1193 -72
-588 -115 160
-235 -215 135
-400 259 105
-10 237 135
635 258 130
-600 745 110
-532 1366 145
343 1326 160
714 1444 155
937 368 -102
0 0 65
0 0 65
1276 1913 -62
1276 1913 -42
230 1387 -90
1276 1913 -77
0 0 50
1036 -544 -120
1276 1913 -112
1196 -295 48
1149 819 -29
363 1457 -140
1276 1913 -132
-569 985 -14
0 0 25
1276 1913 -142
