-58 -633 213
-277 813 -261
469 579 -462
392 1457 1
937 -51 -194
709 -474 -113
544 172 421
849 531 -81
643 403 412
667 384 -189
273 277 151
646 -1297 -229
27 -588 -54
187 -730 -258
150 275 -256
548 604 95
1020 755 -34
1065 -313 -184
923 1312 -291
39 981 -211
490 741 -219
1240 -1262 -392
322 -1300 -269
-263 1159 -281
-485 1297 -236
-95 1501 -166
-31 482 -276
1012 269 383
-720 517 -130
-486 -1067 -309
-599 3 -20
358 980 -260
1262 83 -199
743 926 -249
-629 -698 -125
396 380 -267
1007 649 -239
26 -1230 -274
1010 916 -224
1078 140 -468
768 -965 -266
1061 -583 -482
427 702 343
379 -400 -197
511 -631 -281
1099 -1050 -319
-377 365 -293
454 -1046 -249
1058 512 -494
1042 336 -222
-214 -212 -151
793 -223 -276
-163 -945 -276
1000 980 -502
-520 81 -359
806 129 -285
768 426 -472
762 659 -337
1041 -910 -516
-641 879 -223
346 54 -361
1485 84 -356
56 -154 -243
-374 -435 -160
-720 -435 -351
