20 -469 -92
823 -536 -421
1692 -528 -82
303 -131 -102
618 -153 -441
376 225 -82
708 186 -416
1021 135 -67
822 543 -436
1659 533 -82
618 1034 -411
517 1505 -82
793 1544 -436
514 1931 -62
1475 2022 -67
1521 2430 -97
1763 2393 -391
417 2780 -92
639 2836 -431
1559 2740 -77
1140 -224 -8
1402 -284 -13
1325 2904 237
1296 1547 512
997 2885 262
1983 1881 187
1472 2176 -442
737 473 89
1392 911 -92
251 655 99
262 2268 237
303 1199 497
256 -609 272
549 -589 232
1187 2288 247
923 2236 227
1077 539 252
1393 479 262
1668 484 257
849 1464 257
21 1880 247
276 1875 242
10 2271 247
1472 2176 -472
