-529 -1804 -132
-245 -1790 159
-1143 -1227 119
-955 -491 119
-423 -463 109
661 -583 164
-967 19 124
911 258 154
-1207 807 179
-721 869 104
-90 964 144
-93 1694 179
-101 2444 144
428 2406 144
1000 2294 159
-952 -1613 22
-684 -1632 27
-496 -1228 -3
436 -570 -13
-1225 579 2
-1190 1207 7
-1145 1947 22
-303 2021 7
-35 1958 2
-427 -2540 221
-153 -2499 246
-373 -1370 256
-1165 -953 281
-19 -875 246
1134 -875 246
-1425 -271 256
-638 -228 241
1040 -219 251
305 271 276
-1538 867 231
-980 774 256
-408 651 236
-1429 1226 261
-831 1280 256
-842 1779 246
217 2498 271
791 2553 241
-1470 1392 485
-1423 1918 520
-1175 1981 505
-1011 -2469 -13
-833 -1970 27
-277 -309 32
719 -362 7
-1449 244 -13
517 270 -18
333 805 -8
749 1265 -13
272 2168 122
493 2053 61
-170 532 -100
-1127 111 -105
