-1453 -1979 127
-646 -1946 -77
-291 -2000 147
-1479 -1245 157
-689 -1355 -107
-1557 -808 117
469 -207 127
972 -111 142
-1240 462 107
450 310 107
-719 689 137
-192 690 132
365 689 117
-1177 1217 167
-659 1966 112
-4 2007 112
582 2053 162
-924 -1787 11
-951 -739 -4
-362 -802 -9
-969 -260 -19
-396 -338 -29
425 -427 -14
-285 -107 -4
-852 975 -4
-589 1019 11
911 301 -105
760 1064 11
-1314 1660 -9
-1007 2162 -4
-753 2200 26
-1523 -2473 255
-614 -2461 240
-363 -2434 235
-1247 -1790 225
-1258 -1025 245
-1218 -654 270
-639 -649 255
-128 -709 235
1110 -730 250
-1513 -137 285
-591 -211 220
119 431 240
978 491 240
-1560 1059 230
-870 1094 260
-274 2134 265
291 2037 270
845 2104 235
138 2735 245
675 2669 220
1028 2653 240
71 -1851 489
-87 113 489
-585 632 499
-355 1113 489
211 1749 479
838 1780 499
-995 2356 474
0 0 50
-816 -1584 -158
190 798 -48
-61 1801 -83
727 -660 -50
-1404 211 -83
-1056 626 208
-436 391 84
292 105 -83
160 2304 71
-1039 49 -83
964 6 -70
-453 747 64
598 2338 174
-1455 746 14
-481 -1018 -161
