-673 -1638 121
1225 -3384 56
-2277 -849 160
-2193 1246 519
-785 1820 844
2790 2087 616
-1753 2874 86
1762 152 181
2461 1337 51
-1946 1810 93
336 2288 348
-163 1954 56
-1894 284 326
-429 -1923 111
2972 -3567 56
926 -2085 215
-2608 1811 188
-2429 925 138
-1851 3413 71
2735 108 131
-1861 2084 123
690 1026 206
-208 -245 201
-1233 -1315 129
26 2 156
119 2543 76
-989 -1156 402
-2758 -3624 569
362 1744 396
-370 1768 448
-942 3373 118
2269 1865 114
2380 -892 296
-2185 -3409 344
-1500 -2577 156
-150 242 166
-1959 -2194 205
1458 -107 66
-593 -85 321
375 -2247 388
1505 -3301 449
402 2368 111
226 215 205
-2402 3452 199
3004 3142 187
-1708 1882 258
1649 -1313 71
1824 3632 116
1527 1857 285
-3241 2457 136
1837 -3033 51
-1772 780 166
1438 -1976 146
-267 2510 91
-208 1984 348
2764 596 88
1411 -2482 148
2163 -1892 171
2261 -3736 126
-833 3 91
2108 3380 76
2737 -3068 243
1231 2042 218
-1474 321 134
1390 2316 66
1341 3196 257
976 368 316
-2334 -2758 136
-2865 -1421 166
-3123 -2697 206
1940 -3803 63
-1001 -2433 103
-2382 -175 71
2027 -259 93
1794 -353 160
