-997 -2772 205
-560 -2835 210
-1071 -2372 180
-791 -2396 210
-400 -2419 255
-1365 -1759 225
-1108 -1770 260
-854 920 78
-419 -1741 190
-133 -1766 230
237 -1734 235
525 -1673 155
-1417 -1117 180
-1136 -1071 185
-1224 -419 255
-259 -366 275
-1373 138 235
-720 -2408 46
-304 87 145
-1167 614 220
-776 701 145
-530 750 220
-987 1300 250
-260 -2856 184
-1039 -1415 189
-622 -1345 194
-198 -1333 154
304 -1263 204
-1044 -178 179
382 -811 -57
-867 361 214
131 453 154
-1439 1029 164
-761 1068 194
-484 1066 184
-69 1046 204
-727 -2720 370
-1377 -2694 867
-99 -2145 847
-816 -1170 209
587 -1186 219
-559 -1834 -57
382 -811 -77
15 1159 108
-359 404 103
0 0 45
-703 862 78
-687 -1935 -321
-1068 321 93
-1233 -443 113
-720 -2408 46
-550 270 229
-1235 -269 98
0 0 25
366 -1078 -326
-1179 -747 98
-130 237 108
-239 -139 103
-1000 92 93
0 0 15
0 0 20
-239 -370 93
-233 -211 98
-998 272 83
-936 921 88
0 0 15
0 0 15
0 0 20
0 0 10
0 0 20
0 0 20
-1503 23 78
-1166 -72 78
-734 216 78
-696 -2240 51
