462 -2535 87
117 1087 262
761 -441 -48
514 -294 42
734 359 263
-190 -49 264
1744 1119 -135
160 545 140
977 -820 33
1320 -1604 2
-61 -2384 -28
684 -1108 -225
1672 538 -28
419 916 129
506 517 -16
943 -1185 -48
1147 -2632 2
1778 19 -231
-66 714 110
1731 671 -255
1096 737 170
63 -998 -43
316 229 317
1699 -432 -225
-64 -2746 -12
1039 -1463 -48
1536 -1388 -38
201 -1477 -3
440 -2750 -48
911 -1380 152
94 -656 -26
-188 -775 3
1286 1104 -262
861 653 -18
1117 407 16
736 -925 -32
764 1633 -222
840 -2632 -68
188 175 -28
177 1392 -61
1040 -501 -33
1219 143 -8
-171 369 90
-372 -2244 -78
1039 -121 -53
1399 -1112 -28
792 1178 -43
277 1114 -18
1688 -1888 -96
284 -865 -73
-100 1216 162
588 584 338
299 779 -58
624 1052 239
957 1253 452
459 214 -83
749 912 -63
146 -1963 -93
-145 1077 394
1035 996 -93
448 -631 -78
172 -2272 -88
167 -173 -88
1426 504 -108
