477 -2587 4758
-288 -192 1362
-146 -1810 305
719 -2955 736
187 -3209 572
-258 -2856 4699
-384 -832 -33
495 -602 138
-48 -165 -310
692 -2429 132
-620 -939 81
-779 -868 -164
-984 -2582 196
-801 30 4874
-594 -31 626
-938 -2184 -144
-890 -3545 371
-176 -2401 -128
331 -1179 -153
-192 -736 1832
-330 -464 57
983 -1481 -58
294 -276 -77
428 -2280 38
14 -1509 -98
-309 -803 2181
666 -999 704
810 -2125 254
704 -814 1861
465 -1088 1767
-366 -167 712
-640 -2435 -135
-80 -736 -114
318 -818 -47
1142 -1970 -33
312 -3288 -23
994 -3311 -33
-192 -1981 -138
-885 -2827 -174
949 -2370 -118
539 -3080 -88
-447 -151 -70
582 23 316
1051 -3026 856
-16 -287 75
474 -2311 852
-127 -3287 1367
542 -166 663
-867 -1094 181
268 -160 1491
1775 47 548
-469 -1171 1562
865 -3184 1377
1136 -124 428
309 -1007 607
-384 -3488 348
-294 -264 386
958 -2147 869
222 -578 239
243 -249 198
-304 -3488 993
1430 -1071 1026
56 -1008 296
1199 -1749 -114
442 -830 813
-442 -1279 -88
134 -2123 457
-439 -151 -555
0 0 30
-565 -1522 -199
626 -1313 -178
-881 -3179 -209
-635 -1178 -204
649 -885 -36
-895 -1458 -204
