-1378 2598 5414
-1639 1053 1542
-1749 2064 444
-199 2864 284
542 2796 552
737 2004 1061
560 1296 957
551 2839 946
-1546 2793 1203
-473 2074 1333
-402 704 1643
-783 274 886
-1622 -425 1126
-1397 2475 2641
-1043 2626 1530
-750 1586 1292
-390 3092 1410
233 2590 1551
11 2672 991
-1456 2557 1709
-384 192 1186
-195 472 972
687 639 1630
878 1360 953
350 2607 2666
-528 2544 550
-1023 894 76
-1446 1198 357
-359 977 127
301 1920 161
-75 2342 239
-549 1639 430
-936 1450 542
-2 2196 622
-1390 2594 434
122 2999 391
-387 2856 477
671 2223 141
-1633 2294 475
720 1778 131
156 621 276
651 818 848
-496 493 684
-375 900 895
793 1542 256
751 320 296
-239 571 345
195 930 62
182 2294 362
511 398 341
660 1222 306
502 550 803
-1088 340 361
-1574 1778 387
