-395 -2032 -253
527 -1975 -208
960 -1969 -73
961 -1599 -228
-1320 -1245 -258
821 -1348 7
1222 -1346 -223
-1368 -837 -193
-957 -790 -88
-548 -753 -218
-1020 -238 -68
725 -282 -78
1632 -224 -63
41 106 -63
982 103 -78
1930 -10 -53
-1865 391 -238
-384 452 -73
605 502 -53
1592 448 -63
2000 468 -238
-1361 801 -218
-882 850 -58
1024 913 -68
1891 860 -73
1159 -2173 -174
-993 -1852 -169
-31 -1892 -144
-855 -1458 -164
417 -1397 -164
958 -1149 -139
-1422 -284 -164
-1326 90 -164
1683 1010 -159
340 -2038 62
1754 -1980 77
1725 -1640 97
-976 108 112
1302 1110 67
-122 -946 -149
2205 615 -169
-1432 -724 -12
1152 328 -74
-1295 -159 -224
-992 135 -234
-1679 -585 -143
94 -654 -53
533 -416 -68
99 -526 -180
449 -539 -63
661 159 -93
805 -873 -88
0 0 15
50 -178 -93
927 -838 -103
19 34 -113
915 -405 -113
