705 -459 1062
1048 26 897
1625 808 -83
-958 -386 -22
-1064 -1560 -250
-1084 587 -204
463 -1091 108
1348 714 87
175 287 1629
654 386 1192
-542 -339 173
112 -1007 -10
1603 -456 267
717 -1749 1611
-449 -600 1021
-780 -2004 -89
721 379 -81
975 -903 27
-1040 189 318
207 -1754 -264
203 108 -111
541 -877 144
-854 -763 -239
-251 -1961 391
485 -936 -137
92 -954 868
897 926 -78
-98 -1105 -122
575 -1930 -54
-650 -1040 62
545 384 87
780 -1635 751
302 75 212
1976 -154 -73
-1564 -473 122
729 -1554 -67
-563 -746 -133
2256 -56 574
888 -2174 187
1391 -1280 -112
33 -304 782
-1597 -702 -23
983 -1598 -9
398 -1151 410
-609 -1394 -80
-389 158 2
-248 -712 -83
1153 328 -74
-1148 -1057 -259
-990 239 -15
-416 -1979 -139
1939 -353 137
-1064 -1560 -5
1930 1 177
516 520 602
1100 -1092 137
-680 25 -91
-910 -1802 -219
-346 -87 572
-482 -765 305
1267 945 317
143 -73 557
101 -659 -108
-1107 -355 256
701 59 92
-196 -1961 -279
560 -1351 32
744 -1200 -254
864 -462 382
-1228 -932 91
-704 882 -59
-117 -1914 66
31 -168 -108
-1528 -1391 136
1629 144 142
