131 349 1846
671 672 1811
616 -551 336
93 128 2719
0 0 1860
168 -849 1849
-90 391 2076
-331 930 1818
357 -710 2656
690 -182 2101
-294 970 161
351 192 271
-256 -485 1926
-484 -414 2376
626 895 181
-220 -324 71
63 864 2420
168 -849 74
695 -603 1936
168 -849 1294
25 1144 1474
0 0 1275
-467 92 196
695 489 836
-407 -281 277
-427 185 821
621 -9 1083
-174 636 131
589 1007 1384
169 -1088 286
406 1007 242
135 704 151
-442 -729 134
-495 -698 1342
0 0 270
-130 -425 1181
-407 428 156
-86 461 1201
25 -904 1081
288 527 1096
168 -849 969
-379 -716 1152
-2 -823 246
-16 1335 291
0 0 735
0 0 810
0 0 770
-458 664 783
660 -374 121
504 -759 151
695 940 482
-16 1335 814
169 -1088 656
95 922 701
280 95 711
87 222 168
-257 510 761
-495 -645 628
359 -268 216
163 -628 651
286 580 666
0 0 15
-249 755 611
151 1383 546
0 0 495
-368 -173 544
173 -617 176
71 926 402
196 141 496
-313 -558 393
588 181 108
695 152 326
-454 708 328
613 687 391
-167 842 371
