265 -163 129
543 -7 154
-297 -154 264
-386 64 434
-97 565 178
20 -297 384
1209 -1654 167
309 -1347 111
-586 -681 148
292 -196 389
-695 -972 201
-638 261 177
725 -241 229
-117 -795 115
1023 -777 58
-139 -544 264
-388 -401 483
953 67 84
-110 -1343 63
408 -463 198
904 -1488 118
1424 -1103 122
1355 -1366 313
-413 16 -1
1023 -517 114
687 -1007 184
-735 -430 163
1521 -402 30
64 -1013 63
180 -708 190
221 -1745 55
1499 -789 82
1487 -1523 77
1008 -188 59
295 138 169
542 51 496
-17 287 261
-485 -338 73
458 -1538 40
67 -392 134
-436 -1111 87
68 -1467 -60
-22 17 411
831 -1701 -12
0 0 45
-495 431 18
477 -192 -66
