-1178 1765 571
-434 -904 974
-66 -992 899
-542 -667 1197
-158 -758 1257
280 -776 1122
-128 -320 622
579 2216 709
422 1319 491
-765 -541 1261
412 442 489
743 1424 524
-239 -97 896
278 1114 718
-35 939 668
-757 1046 486
141 163 690
-630 1596 1226
-1004 -194 999
280 1633 807
-159 1249 470
418 1661 1018
-1357 1990 980
-384 1024 129
-1391 1146 1069
-587 909 741
-122 1125 1246
-350 -278 1512
-109 2059 990
356 1993 189
-50 -597 327
-964 1753 81
-1223 1535 71
-353 -579 317
-624 599 184
-212 1342 60
281 -45 199
211 -555 302
287 725 260
-675 1483 203
-494 -317 302
-363 268 174
-1171 45 264
-736 -229 704
-696 1620 439
516 1668 429
106 983 205
-384 1024 109
0 0 20
0 0 20
0 0 25
0 0 20
0 0 15
0 0 5
0 0 15
0 0 0
0 0 0
0 0 5
0 0 5
0 0 0
