-1499 -1196 -429
-1637 -757 -473
-1236 -822 -443
-2151 -318 -468
-1547 -371 -424
-1156 -486 -424
-682 -490 -434
-743 -98 -424
-298 -91 -444
-1422 180 -419
-1884 820 -483
-685 744 -454
-1671 1098 -463
-1252 1054 -463
-980 1022 -419
-327 1085 -463
-1059 1592 -463
-667 1664 -453
-886 2097 -429
-972 -715 -457
-1732 -926 -251
-633 -913 -231
-1874 537 -216
-1411 972 -241
-1836 1283 -231
-255 1981 -261
-1293 -1398 0
-1046 -1444 -20
-1031 -1037 -15
-1679 -356 0
-1721 92 0
-537 106 0
-276 614 -20
-1467 1120 -15
-1286 1382 35
-1811 -66 216
-2111 1171 231
-382 774 -452
-732 1199 -467
-1420 324 -688
-925 363 -703
-673 426 -678
-1015 853 -693
-740 841 -693
-928 1314 -663
-538 1277 -703
-558 -1565 -924
