2303 251 1400
2113 -786 890
2392 329 -380
147 -1214 795
2312 270 910
152 -607 681
1057 77 405
0 0 60
1949 536 830
416 -1280 995
2317 599 -406
36 -1022 -99
1377 543 690
2461 1344 193
2213 1283 101
2587 556 662
2208 967 106
1775 193 -327
1163 1342 231
691 201 -390
1139 -1250 -100
769 527 -190
-190 -7 286
2496 -1536 -225
101 293 -410
1056 571 -117
2254 208 -65
2013 181 848
848 889 106
1488 -947 266
212 170 6
97 -943 505
2304 704 12
2054 918 262
2484 864 -47
1664 55 306
928 -1644 376
-3 536 921
2135 -1385 -425
2492 1095 654
0 0 595
1593 85 -2
2585 558 -137
1375 476 213
1408 76 -294
1463 -704 -317
2102 228 578
210 -395 -164
2321 -1015 321
2607 1172 296
2271 385 161
251 -915 -240
1539 269 448
879 -1839 43
1181 1056 -262
1194 1037 71
1006 285 -190
974 -28 -10
894 -1049 437
2606 42 -395
1444 1309 246
1728 1151 266
-32 -283 23
1202 559 479
528 -651 -400
617 -716 -70
1322 531 -98
412 419 -45
1151 808 251
1401 1002 -57
1064 520 204
1973 193 193
1652 -703 -103
2461 550 187
1743 533 185
