-803 -1310 191
-409 -1362 131
-133 -1346 146
281 -1321 161
655 -1283 211
-739 -877 156
-379 -961 151
-57 -933 191
297 -867 206
563 -816 146
-711 -366 141
-438 -315 141
105 -352 151
684 -353 161
-522 36 161
-130 -54 161
371 -161 181
-813 386 186
67 293 146
-808 863 146
-249 825 146
158 770 166
473 751 156
-763 1260 161
-428 1270 161
-111 1368 211
243 1239 191
626 1245 151
315 213 135
71 -598 362
-309 -42 407
331 541 367
596 234 170
-86 1086 160
472 1028 180
912 1232 127
230 355 117
-1316 853 99
528 1232 115
-1248 464 102
528 1232 150
-845 888 107
-685 670 97
528 1232 125
528 1232 115
-324 -86 97
528 1232 140
528 1232 110
528 1232 100
0 0 30
528 1232 105
528 1232 110
188 1317 82
528 1232 95
15 -654 296
-246 -886 62
