707 1012 -349
296 -183 -629
-35 -790 -225
316 -501 -377
-623 -322 -487
-352 1113 -503
-384 1552 -610
418 -252 -347
-1326 435 -772
-496 1850 -578
1013 -820 -499
110 -571 -37
422 21 99
854 709 -444
-663 1329 -742
292 -823 -62
390 354 -430
-1305 588 -393
682 839 -603
-318 -423 -407
0 0 30
-345 -326 -690
-46 -79 -241
780 -427 -389
-749 307 -632
1299 1548 -464
337 1794 -503
-1445 1367 -558
-111 -679 -568
-630 -188 -215
-1171 393 -524
341 602 -537
1770 2249 -607
731 1424 -639
353 -1181 -331
-1205 1589 -357
298 277 -35
-678 886 -569
543 -456 -197
684 600 -218
816 88 -392
539 74 -358
-1143 1809 -558
393 1034 -614
-1313 918 -519
-751 656 -465
1019 1345 -574
-146 198 -450
-1565 399 -459
-608 -639 -454
-682 1471 -520
1184 -800 -711
-832 1740 -436
1542 460 -465
459 1347 -324
885 1672 -511
970 -1179 -277
-999 596 -461
1318 834 -517
-1330 -636 -457
-154 479 -365
1193 -125 -414
592 -1050 -387
-1001 158 -474
-446 465 -509
-1024 840 -549
875 993 -574
808 388 -500
512 -195 -102
-378 373 -294
588 -689 -532
1103 695 -546
913 -177 -495
74 -415 -573
