-3448 -349 -127
-3464 -65 -146
1825 -185 -152
1825 112 -126
-3470 311 -111
292 447 -167
1755 453 -127
-3514 718 -172
-641 -869 -160
-2814 -360 -140
1817 831 -135
-3489 -860 73
-3451 -585 58
-2710 -609 43
-390 -516 108
-2092 -283 13
873 -269 73
-2707 142 88
-471 67 88
266 127 53
1002 177 88
-385 399 68
-2711 625 98
-1161 650 78
-2680 999 18
136 -992 286
-627 -232 276
-1970 70 306
155 -266 519
-1447 -886 -150
1663 1070 -185
-1187 -685 -343
-1297 -360 -393
-1184 -67 -353
-1235 342 -378
-582 764 -393
108 754 -403
832 783 -403
