-106 903 -445
-1222 103 240
1344 96 139
207 -418 -62
2712 276 204
-953 -318 178
1552 -159 -117
-262 -304 -132
364 69 253
1058 -768 914
400 772 250
1360 367 -97
-1875 920 3
-1105 652 265
2736 36 -66
472 -314 383
1344 96 544
1218 466 73
384 -1216 576
-627 -1623 -127
-1355 -41 -177
-846 -1403 -137
266 112 263
-415 -1647 320
0 0 45
-2792 -520 228
-1086 -1552 -57
-415 -1647 220
-3000 -208 162
2316 352 -161
370 -606 123
289 -108 -147
1161 -24 926
2712 276 174
-937 742 -90
384 -1216 466
266 112 283
2352 -256 295
-415 -1647 255
815 428 -164
370 -606 83
362 619 15
-2792 -520 158
-2943 -308 -28
0 0 300
-2648 -616 93
-704 576 71
-318 -1437 -117
254 554 -441
-612 -594 -362
-973 -254 38
-2856 -783 -117
-2105 657 188
0 0 290
-1545 -1122 -127
213 -1282 -167
-2248 842 -43
1013 162 -117
-2214 -1154 128
-2415 958 -212
419 -924 53
2345 1005 -138
2352 -256 -20
-1260 -243 -2
2552 152 -186
-46 -1349 -157
-1366 789 65
-72 478 -392
233 869 -15
170 -790 -7
-404 1116 -95
-1509 -200 35
-1209 -1243 8
713 174 -27
-1552 1137 -60
