-275 -2641 -2602
1455 -1215 -2590
796 -813 -2218
1052 -901 -2173
2264 293 -2601
-1661 -1680 -1402
-2371 251 -131
-458 -1562 -1605
1165 -195 -2327
-627 -2487 -2432
-214 -888 -1845
1309 334 -2972
867 -903 -2959
701 -1144 -2886
1546 -2004 -2624
1488 724 -2967
1240 -983 -2936
585 -151 -2987
587 -767 -2473
1439 -572 -2874
358 -964 -2859
760 -1982 -2929
815 88 -2514
977 366 -2622
-68 353 -1309
-2 -1904 -2713
-1624 496 -1730
-270 -1313 -2964
1424 -1661 -2835
665 304 -3018
316 -1700 -2922
-14 -1685 -2969
-1195 -2651 -2010
1514 -1488 -2388
768 -2450 -2890
562 -2204 -2361
-293 -481 -2910
-1884 -598 -491
-1820 321 -727
-2406 -1929 -958
-1853 -1642 -1135
1599 -794 -2071
675 -1696 -2945
-2145 -618 -962
821 58 -2764
1328 -1819 -3007
1167 -174 -2997
1007 -1733 -2982
1266 -963 -2443
239 -1469 -1529
-887 -573 -1993
-2208 -169 -702
1196 1117 -2725
896 -662 -2809
1805 888 -2992
895 990 -3005
346 -872 -2303
1072 105 -3020
-2176 -448 -557
179 -1688 -2572
1407 -518 -2404
902 -1665 -2547
-66 -362 -2985
684 311 -2625
