-2801 -3412 67
-2469 -3418 76
-1951 -3415 66
-1668 -3403 62
-1399 -3452 61
-2970 -2722 71
-2655 -2738 72
-2354 -2728 66
-2060 -2779 57
-1771 -2800 91
-1437 -2793 72
-3437 -2061 66
-3143 -2020 92
-2830 -1958 86
-2275 -1967 61
-2009 -1990 67
-1710 -1974 76
-1550 -1289 96
-1101 -1306 86
-1718 -558 67
-1162 -567 67
-2915 77 81
-1987 68 82
-2858 757 71
-2545 700 67
-1289 635 62
-1017 607 96
-1569 1322 62
-2316 2123 76
-2007 2139 72
-1474 2170 72
-1328 -3206 56
-2733 396 51
-1101 2083 66
-1406 -2141 515
-1113 -1040 56
-1416 -441 61
-2301 80 76
-2136 812 66
-1810 784 56
-1502 1583 66
-1723 2274 61
