2176 -305 -73
2872 -369 -9
-2880 -203 -24
2406 -86 -53
-3700 109 71
-2936 103 -93
-874 281 -48
2237 106 -13
2978 147 -84
737 382 -18
2288 367 7
-3724 513 -44
-2955 471 -58
-2911 -736 224
33 -838 139
-2278 -624 179
-69 -592 174
-2937 -449 149
-2133 -400 214
-1433 -364 209
79 -380 159
-2331 -142 194
-1632 -194 189
1422 -343 209
1522 -97 159
-2265 142 164
-724 120 -277
751 171 154
1496 319 174
-2148 526 144
-1445 -693 432
2483 -437 407
861 -64 437
2444 416 -86
-145 -1521 -72
-725 -262 -242
0 0 95
0 0 115
0 0 50
0 0 75
2480 -288 -145
2480 -288 -165
-2111 1174 -97
-1859 1263 -140
343 262 -102
2480 -288 -175
2480 -288 -170
0 0 80
292 344 -87
-603 -224 -442
2480 -288 -150
134 -135 -122
-144 -1241 -142
141 336 -155
2480 -288 -175
2480 -288 -165
2480 -288 -195
1519 -91 -147
2480 -288 -210
-732 -1462 -127
-2927 -231 -199
-1106 -1461 -142
77 152 -142
961 682 -462
816 336 -386
-162 742 -100
-948 -1460 -147
2480 -288 -190
1040 16 -162
-2214 876 -152
-1149 -410 -162
-1488 468 -130
-82 756 -135
