848 2591 -59
-67 -2096 -268
1111 2063 -29
277 -2928 128
936 -1243 -147
438 2643 -68
355 -1628 -212
678 -139 -260
213 -1799 -442
-115 -2920 -49
753 -1142 -325
366 1432 -176
-144 -1823 -220
-534 -1730 -305
728 1884 -79
229 -2714 -204
1870 1616 -388
-1161 -2338 -260
586 -2871 224
1848 755 -340
-747 1263 -222
604 -916 -432
704 -2048 -187
959 -484 -450
390 -2045 -356
512 2400 -89
854 1438 -465
-504 -318 -255
33 2849 -376
255 180 -146
-711 -2353 -101
1416 -837 -460
275 -1384 281
-120 -2574 -55
1466 2510 -235
128 -2944 -149
-658 -2046 -304
273 2440 -179
484 1917 -133
-328 2437 -269
900 802 -457
-701 -518 -170
-1007 1206 395
1806 1213 -465
-200 1357 -395
-944 -295 -252
987 -1346 -461
1023 1795 -212
1830 1311 -3
90 -1048 -374
613 -1725 -325
1034 2301 -209
385 -222 -327
992 191 -279
1545 1484 -177
-1190 -2925 -199
-283 719 -325
739 2155 -159
1560 1827 -371
-935 302 -460
1267 1142 -285
52 2092 -244
1767 -561 -367
779 -2435 -192
-718 689 -139
-958 -2172 -460
-778 1804 -352
1636 645 -196
0 0 25
-96 1832 -351
-371 -2391 -165
179 1568 -354
124 -235 -358
439 -2949 -125
203 -2519 391
