-318 -3746 418
2607 -559 -25
2853 -3890 -81
1253 -3537 -157
2611 50 -122
2658 296 166
3290 350 2033
1929 1110 -130
451 1060 84
2570 592 1998
3378 1924 1021
3277 1605 2110
1196 867 -88
1251 1456 -115
109 -965 -68
746 611 29
3400 971 902
3086 750 1551
3117 998 1928
1697 746 -59
2920 -497 1837
3172 598 1938
-144 530 41
2922 1792 -108
2666 664 754
-252 -1803 -55
3400 638 -215
3199 -199 2010
2322 600 -195
1635 -517 268
2330 1220 -175
0 0 240
3408 318 -115
2317 763 753
2849 665 2031
3407 851 1395
312 -483 -20
3128 -556 436
-506 -2721 -80
3079 1968 -5
1863 -230 -132
2736 1026 815
125 -1621 268
3270 -421 2140
2614 118 1760
2735 1073 -150
1265 292 -105
2958 1954 1931
3041 775 -204
-343 1931 -180
116 -86 -118
2975 -3403 32
479 -3368 -45
2755 122 1246
2418 966 -83
2124 -355 -159
3116 -4 1507
-95 -3702 90
1973 -3311 -115
3078 1969 1360
130 -2446 642
2942 -235 -65
3031 146 -55
-122 -835 -40
1324 1773 -130
2626 1387 -145
2833 544 1151
-315 794 -90
-486 33 811
3295 1364 -155
3405 871 -40
-228 1810 441
-115 -2139 -20
1955 1818 -100
2780 -1318 -19
