215 246 202
180 969 322
-1015 889 641
-255 -123 142
-1550 1431 509
309 -303 187
-536 968 415
1552 1120 415
1108 334 450
778 475 405
-1029 -1649 311
424 1017 151
-627 -2143 568
-456 1644 300
505 562 649
403 -1022 120
-447 1135 235
235 -1815 277
-487 -1279 97
1440 800 420
-53 -1766 107
0 0 25
912 1128 190
-640 -189 222
-720 -496 520
-1267 186 325
-1532 1711 387
-687 -1102 232
-553 -1590 77
-1950 -572 195
101 -844 187
-1540 -318 204
-1440 1476 238
-685 1905 277
-806 -1695 167
-2457 -1108 210
-1600 -814 183
171 -1295 182
-1301 -1626 189
685 678 232
-248 -468 117
912 1373 331
-228 -303 493
-1206 1459 380
-919 856 339
-1033 -1238 377
-458 492 177
-1145 1891 307
-510 2120 159
987 535 255
-1205 1193 205
-1264 412 190
-1358 677 241
576 432 208
689 -560 97
-603 -1955 167
-308 -708 197
-141 -1407 158
-1552 -1556 215
-189 -1245 422
854 -146 235
1132 947 315
429 675 118
-759 -554 197
-1654 -1198 187
375 -633 112
136 511 117
301 1319 122
1208 353 200
1279 24 220
1179 606 512
1373 1071 200
-2051 -337 163
-861 141 141
-186 1253 155
