1974 1845 419
2566 1511 300
-2101 127 246
352 -3520 244
-1936 -1568 698
2439 -2027 204
2192 -558 279
-2060 3000 178
2322 2330 -209
3437 1916 289
-1697 -915 426
3686 1526 213
-746 2996 254
301 -1804 259
-293 -2040 -46
-377 -2374 52
3594 -38 332
831 -3175 269
-1324 -1748 333
-50 2276 118
2409 2837 -209
-527 -1243 579
-2162 -571 504
284 9 88
757 -1766 189
-698 3419 184
53 -1363 554
567 -3346 269
-2016 -1607 243
35 1755 83
-824 2464 282
-2378 2753 279
-481 1837 215
-1308 166 301
187 1706 581
367 -1473 274
-1797 -1212 191
3170 2582 -80
-1508 -409 310
457 -3803 229
-751 1589 174
1088 -3213 206
704 -1882 840
-2051 2680 264
3286 2167 212
-149 -1961 185
-1114 593 468
757 -450 38
1098 -3633 241
-1264 2344 249
-939 840 604
1319 1958 536
-1683 2149 253
-138 3400 219
1069 -1379 179
-1174 -1190 559
3620 958 432
1934 -366 -138
1552 -80 589
1612 -1052 -56
969 -2785 257
1252 -2191 179
-1305 -191 224
577 18 23
-2054 1319 287
3212 -30 316
-161 -1392 29
-1966 2114 286
-629 2722 266
-176 2707 221
866 1631 478
729 -1057 857
3145 2991 -171
-1097 1881 207
-1593 -1098 290
