-3514 -154 -512
225 -768 -396
-3238 -171 -354
-3413 6 -289
-2520 7 -211
-3152 349 -237
-3291 1307 -458
731 -739 -335
-397 -947 -386
-2805 -313 -396
-2161 -889 -361
-3006 -64 -384
-562 737 -406
583 801 -176
942 887 -410
-930 1546 -360
-1753 1109 -451
-668 -916 -376
150 143 -173
337 -55 -423
893 601 -310
-1247 1518 -200
-1947 263 -399
642 -67 -431
-3200 164 -419
-677 11 -356
612 -378 -448
-1747 -657 -426
-1765 -335 -451
144 -182 -193
553 -1134 -486
-338 1434 -471
-2159 906 -344
-1801 699 -441
605 359 -488
-1101 261 -440
-2399 -588 -471
807 -227 -563
-3392 992 -545
294 -556 -241
-2800 583 -445
-2398 367 -486
-2826 176 -464
-2064 -1 -398
-1602 140 -494
-1296 1301 -471
-58 1149 -476
-3571 1547 -520
-3575 149 -491
-3571 776 -541
-1351 -693 -461
-3309 558 -493
320 -513 -548
-1562 1522 -448
882 1196 -472
4 45 -470
144 -272 -596
-2956 954 -203
-112 -615 -521
-2176 249 -524
277 405 -256
-1995 1224 -521
-693 1190 -516
-2648 -468 -516
-2561 -114 -477
