-2264 -1232 216
-1040 -815 39
-2444 1641 146
-479 2680 156
-1057 2558 299
300 1418 243
-2845 -1818 272
-2602 -1569 260
-2764 -413 244
-3055 -643 255
-1936 -1451 111
-1993 1136 139
-2233 568 152
416 2448 -164
-1305 2128 -181
240 2575 99
-2304 1379 66
-1840 2401 -23
-2129 106 -204
-2 2063 61
-2652 1941 123
-261 1840 -91
-995 2856 203
-634 2216 -215
-213 -168 56
-1147 1116 120
-456 -1208 251
-2152 -1992 203
-1334 -1189 -9
-1700 996 152
-2479 431 -204
-2289 147 152
-1336 2583 412
-1855 -946 51
-2097 -595 0
-2673 1272 51
161 2046 462
-237 1340 16
-2687 445 16
-2508 -976 46
-330 -486 14
-1417 -896 142
-2032 352 -209
-940 552 51
-464 943 51
