-1978 -1592 61
-1266 -1653 74
-1953 -1267 74
-1285 -1216 66
-532 -1209 84
-749 -928 81
-71 -938 79
580 -940 71
-1262 -556 94
-513 -574 66
171 -622 89
813 -612 61
-1935 -512 79
2143 -258 61
-1386 173 69
-664 179 81
1348 -39 74
681 207 76
1348 258 79
2034 212 71
2727 237 74
-1257 589 94
-565 608 81
788 578 81
2223 575 81
2930 560 94
-1891 810 74
-1140 861 61
171 847 61
1542 955 81
2833 964 56
-1396 1514 81
-738 1507 69
-490 -1599 54
-2037 -906 64
-746 -444 64
-78 -431 69
561 -405 54
-1182 -119 59
-488 -135 59
191 -190 74
941 -216 54
1601 -166 59
3387 803 69
-2068 1131 297
-51 1163 282
-2021 492 505
65 -1577 59
368 -1274 64
-1209 -859 49
