-498 3500 662
-15 -390 627
350 -419 732
637 -363 727
-758 285 677
-151 2501 56
1079 402 281
426 2307 672
169 2451 762
671 2487 659
850 2065 106
384 -224 386
1527 2235 284
1017 -413 331
2085 2979 215
-449 2376 122
467 3544 124
0 0 70
1031 213 171
678 -226 241
-1107 1703 -6
1090 1306 150
0 0 115
0 0 135
-388 39 251
0 0 150
-192 -448 203
-3 1346 85
288 3760 294
637 2345 251
1278 2284 294
405 2989 246
552 1302 75
-175 1558 100
-1296 1871 145
1515 3052 160
1049 3017 194
250 1249 95
-1427 1603 50
437 966 60
-1056 961 30
0 0 140
-45 2167 72
295 113 321
-1095 2631 227
252 2597 126
-45 2167 57
600 1909 121
400 2192 103
984 1577 82
-1103 2443 -3
161 2835 166
1989 2292 344
1342 1981 141
256 -336 131
-1068 1269 25
