-747 2618 -313
1960 1517 -1136
-783 694 -917
724 2193 -1007
1040 2083 -731
1914 1919 -1278
882 2911 -1090
1263 2696 -1250
278 2794 -874
0 0 90
-1243 2829 -472
751 1347 -1671
1816 1762 -1557
903 1891 -1633
-465 368 -775
138 1085 -1323
-1551 1620 -670
779 1392 -1315
141 1510 -1209
-282 773 -1265
-915 2525 -537
-563 697 -1227
-1171 1804 -620
675 1857 -1305
1136 2940 -1248
-830 455 -1804
1369 1903 -999
1461 1995 -1339
2282 1729 -1244
1218 1492 -1279
1578 1465 -1482
-350 2797 -671
222 2496 -1185
1904 2331 -1335
788 1688 -1510
1226 2075 -1127
-114 2698 -773
1934 2636 -1358
-1286 574 -993
56 3012 -1007
389 2689 -1325
-1307 443 -1513
1383 2318 -1352
1466 1868 -1740
469 1912 -1560
2135 2010 -1361
984 2377 -1328
1017 1628 -1335
142 2575 -865
439 1917 -1184
