-1276 -1256 134
-1070 -1271 329
-650 -1338 334
-178 -1371 314
-1241 -877 114
-1727 -304 334
-642 -272 319
-1596 177 339
-311 202 119
-32 192 324
-90 805 324
-578 1821 314
-361 2225 314
-1769 -954 223
-1491 -971 198
-964 -872 203
-193 -949 193
-1243 -365 208
-22 -467 218
-1082 -79 228
130 -163 208
-821 313 203
177 364 218
-943 658 198
-486 562 203
-1254 102 437
-1270 869 472
-879 1443 447
-924 1977 457
-129 1909 442
181 1851 442
-962 2227 452
-652 2209 462
-828 127 691
-1537 1273 691
-188 1161 701
-62 2147 706
-284 -83 193
