1085 669 811
-96 -1664 685
-1184 544 203
434 564 136
1344 464 1170
-123 682 836
981 1933 943
0 0 1160
634 -965 1130
64 1553 1057
637 2340 911
-425 -79 971
1376 3168 -25
107 1593 148
447 -943 148
-200 3288 1146
-829 479 83
-728 568 736
72 1772 828
181 499 946
-1202 2945 849
-189 1434 170
-1207 2410 -114
-928 217 718
1376 3168 635
624 2064 46
-721 -261 80
-1286 3264 576
-1674 2221 650
826 2919 56
-390 2183 631
307 769 71
-112 1216 463
-843 3375 61
-1187 828 153
1403 871 156
175 -1599 325
-1733 3397 46
244 2145 351
-1008 3407 391
1711 1455 398
-381 1360 388
-966 2847 15
-912 2106 -85
-216 2226 406
508 467 371
-41 1169 88
162 35 316
-733 -1136 166
-1171 3447 51
1600 3456 -11
652 2411 116
-48 -1053 226
-207 -16 252
-584 2083 226
-457 844 251
-71 524 216
-88 -745 236
-14 -304 221
1167 623 231
1775 1263 208
-191 3269 186
-944 3024 223
162 3526 201
-1182 2662 36
-1221 2229 151
374 1186 118
-1386 3036 151
0 0 50
391 2064 161
-75 1899 210
-1714 2127 321
-1042 1100 10
-408 -1629 125
454 2968 221
