847 -3013 -183
1170 -2979 -212
1506 -3010 -183
598 -2586 -202
915 -2608 -183
1258 -2596 -197
555 -2010 -188
823 -2074 -202
1107 -2075 -178
1365 -2033 -207
1685 -2019 -183
2289 -2042 -173
2571 -2065 -207
548 -1436 -183
887 -1373 -197
2211 -1511 -197
595 -1071 -207
849 -1081 -178
2139 -1013 -188
2468 -997 -187
510 -481 -188
795 -420 -207
1059 -442 -183
1321 -398 -212
2156 -453 -173
2461 -499 -212
501 173 -183
795 159 -207
1066 150 -183
1348 96 -207
1675 101 -173
1951 96 -202
2303 60 -183
2566 71 -202
2836 53 -188
610 589 -173
914 529 -192
1177 538 -173
2448 526 -173
2717 487 -192
546 1109 -202
832 1061 -168
1379 1029 -173
1723 1046 -202
2022 1097 -178
2381 1137 -202
2664 1154 -188
1499 -2326 -201
2124 -2267 -211
2383 -2316 -191
1174 -1702 19
1537 -1714 24
3004 495 24
1277 -257 -436
