1465 2228 149
-1953 1894 61
-690 1468 30
-350 2282 24
295 -238 176
1233 1035 76
275 1552 66
-1511 -100 458
-2031 1585 193
-1672 1329 277
187 2507 -51
-1667 729 253
-2055 -789 284
1753 2266 175
-1420 -527 299
-750 2509 -16
-1650 1947 126
939 2672 157
-1943 -133 52
469 9 81
587 704 301
1454 2774 413
-242 708 76
1775 1808 257
560 317 71
-1017 1417 0
-832 -704 421
1453 1781 201
-402 -218 90
1528 2530 122
-387 287 86
315 2291 -6
190 -677 51
-1313 1090 175
-2029 623 322
-429 -464 279
367 -454 46
-1936 1341 325
-1047 2675 391
-83 2111 29
-78 -591 188
-1950 -491 440
-1611 1051 208
372 1716 325
648 1145 96
1517 62 -45
-558 487 101
-2114 1197 223
-1479 -274 184
-231 392 291
-30 1526 221
614 2182 109
-392 -736 169
-1024 -800 199
1067 3048 343
1432 1461 76
-2076 2535 193
-736 -896 254
-1910 2300 303
884 1199 274
427 1906 162
-1130 2212 85
1148 2742 318
1293 3000 234
-495 1768 124
-183 969 106
-1613 2621 263
0 0 215
253 349 186
-1450 2356 91
-572 2086 -26
-2111 2132 166
-1375 1911 161
1080 796 56
1172 2442 162
