-481 -1151 -192
-39 -1118 -182
-1134 -578 -126
-770 -582 -126
-409 -593 -126
-947 -138 -192
-967 128 -192
-1101 1636 -395
392 112 -121
-35 574 -126
-335 1063 -121
-886 1535 -192
-620 1544 -126
-364 1480 -192
203 1582 -116
570 1496 -116
-779 1910 -182
-328 1932 -192
447 1986 -116
167 -1355 -175
-215 -748 -175
-648 1151 -170
765 1849 -175
585 166 60
-47 1497 55
519 -868 -175
-454 -252 -170
37 -262 -175
412 604 -165
-118 1202 -175
122 -1195 -405
200 -787 -385
276 -309 -400
-1147 21 -385
111 -49 -405
-1064 494 -395
-621 480 -405
-220 529 -400
433 1107 -405
898 1123 -400
