-1019 -1499 202
-517 -1539 207
-278 -1591 23
2 -1630 212
300 -1589 18
509 -1526 207
757 -1541 28
-1245 -1049 23
-672 -1023 33
-260 -1015 13
171 -1057 28
-1189 -543 33
-953 -522 207
-685 -548 23
-138 -532 28
385 -563 33
-851 -246 33
-604 -185 212
-336 -238 33
256 -247 33
-836 113 18
188 1369 109
321 186 18
-1194 739 28
-576 687 18
-125 722 23
868 683 43
-1204 -1841 109
-836 -1228 99
-290 -1283 114
138 -1317 114
78 -657 89
-1223 -160 99
-912 418 84
-311 430 104
160 375 119
234 641 109
528 657 104
671 -213 347
399 1044 332
-1242 -1929 590
-663 -1616 828
631 -1070 94
-531 -750 104
