-784 1555 -110
-34 566 608
-1224 1401 268
-571 -1201 111
-1040 1515 120
1968 1098 233
1648 1573 213
-218 3462 571
-207 2096 101
-1166 3414 226
1708 1381 246
-66 1792 312
-553 782 602
736 -1744 315
-1216 3520 253
-1216 3520 193
-1216 3520 258
-308 494 273
0 0 210
-860 479 228
-893 425 593
-1216 3520 258
-1713 1965 160
-871 1388 325
695 1276 254
-123 -168 211
-1647 2927 120
1007 2195 478
1599 866 281
0 0 165
1005 2452 228
-1216 3520 243
-512 3424 251
-1296 3184 121
787 -1312 170
-472 1375 418
-1216 3520 223
-1216 3520 278
-1216 3520 293
630 1525 180
-896 3488 121
-1216 3520 198
1384 1217 278
-175 1172 301
-1216 3520 253
0 0 245
795 1525 -83
-544 -221 136
-1532 734 188
2289 859 114
688 -787 218
-135 1502 -80
2127 699 371
-1647 2304 128
-1216 3520 168
1529 702 86
-1216 3520 243
-554 -834 211
-603 -1705 290
-1216 3520 293
626 -189 159
1197 205 295
-1216 3520 268
1095 -891 140
800 -1456 365
0 0 325
-525 3470 306
979 -254 247
-459 -1479 284
-611 273 217
799 514 249
