-536 -2242 264
1116 -752 159
1966 511 213
1089 -483 116
1429 812 146
-1995 626 136
-784 1607 367
-1627 -2523 615
-1786 -2833 9
497 862 29
1428 -161 146
1733 -1060 432
334 -1641 121
774 -563 151
-2376 -208 243
309 407 213
-270 737 -11
1290 1455 231
-1346 703 121
-1809 -110 138
614 -1159 156
1679 479 170
263 763 62
456 -604 477
350 1103 -46
-1676 529 84
-2108 -218 237
-2970 759 404
559 1279 187
-1786 -1320 318
-1968 188 434
-1791 1333 123
1406 242 86
-325 -777 71
239 -1269 101
-224 91 143
6 886 29
-374 -1059 56
-1577 -2286 179
312 704 471
1749 1096 216
-1671 -355 98
-1850 -1510 46
-143 -647 269
736 -1586 147
-1499 1086 46
1490 1662 219
-939 -278 487
-1096 -254 7
-1096 -2203 221
1088 1077 166
1039 -700 471
-1023 -14 -21
-1980 90 93
-1542 -679 412
-832 -2224 179
-648 26 -25
512 -324 592
-427 -174 -28
-443 -1328 56
-1623 -1365 98
-73 266 307
762 727 -19
-1855 -839 88
-809 757 -21
352 -2136 46
-2012 370 61
-1263 1268 231
-950 316 339
