-289 -1731 141
432 -1678 116
1164 -1738 121
54 -1202 181
628 -1267 131
1386 -1239 146
8 -506 146
723 -408 106
-314 292 131
423 1023 136
1042 1025 151
2354 1054 121
-301 2563 -50
1339 2744 126
-12 3346 131
686 3370 126
1382 3320 121
2291 3361 -80
-302 -348 29
382 -249 19
1381 -175 19
29 646 19
0 0 20
488 940 56
1036 693 24
1680 74 26
1286 -996 78
2245 751 19
2548 744 4
-333 2291 14
689 2224 14
1065 2265 34
1368 2251 -6
678 2864 9
-248 3356 24
435 3275 -16
1174 3207 9
1899 3228 24
91 -1764 273
857 -1748 258
1462 -1749 243
1092 -894 253
2032 1432 263
2184 3795 258
-276 -955 19
991 -328 29
-309 856 19
0 0 5
0 0 10
0 0 20
0 0 5
0 0 5
