0 0 185
1361 1779 81
-1552 2161 221
-1024 2688 253
742 232 449
102 253 231
562 2433 207
1011 1026 459
599 455 51
-832 -800 281
-80 1445 504
418 1489 484
-242 2076 145
-1449 2457 479
-832 -800 266
-1678 750 263
242 -527 316
-251 -700 153
-491 2123 -81
-2031 502 310
-956 1387 117
-106 477 341
-297 667 206
-458 182 71
723 1065 331
-214 2183 -16
-991 2313 9
-1865 1300 123
160 2368 -81
-185 1045 121
1185 3055 226
-424 1861 -16
343 2391 498
-1538 -388 209
-628 2564 336
1102 2924 309
-1446 2656 374
-832 -800 346
-323 422 46
-735 1453 -10
0 0 275
-1732 139 261
-210 -1007 299
-832 -800 261
-1853 1889 51
473 2428 -81
-1405 1932 121
430 970 303
-832 -800 271
201 -400 216
-1296 2255 203
0 0 90
266 1530 101
-832 -800 381
749 1021 151
-832 -800 296
296 1569 176
-832 -800 301
-418 -461 101
-832 -800 321
-832 -800 256
453 20 76
-832 -800 336
-832 -800 321
623 823 151
364 1578 191
-832 -800 356
-1858 426 71
-832 -800 246
580 217 181
399 1933 187
-832 -800 246
1350 878 51
1019 746 71
-832 -800 291
