913 -1323 331
705 1240 191
700 -321 297
837 946 428
57 259 136
1011 499 245
554 615 496
1062 -1570 156
-291 917 223
301 -57 542
-371 538 121
515 172 474
-330 -1019 99
753 1473 -34
551 811 296
-268 1183 320
-796 -853 197
267 -888 78
513 1318 -44
652 263 -44
881 -43 379
615 -773 151
-105 -1040 -44
-97 -559 121
214 -1140 226
791 -877 406
476 -857 398
-1139 -159 160
534 -1044 128
-66 -804 53
870 -33 -26
769 -1214 91
-121 450 131
86 -333 56
170 -584 162
-151 1254 -7
-509 297 129
-625 -169 210
273 510 251
-8 -1188 403
332 1348 453
1184 -1344 191
1106 -675 -49
-251 197 -1
1041 -1057 101
-445 -1282 102
854 870 140
-1140 -655 62
621 36 54
-586 387 346
844 -1734 166
737 624 213
238 849 441
252 814 86
317 -20 51
889 -440 106
1197 -202 198
-298 -41 125
546 -472 106
937 434 -29
498 446 64
-22 1532 -49
-554 54 60
0 0 15
-53 1308 513
945 1054 -44
187 -1681 81
919 709 -49
-914 31 334
1057 1473 21
-387 -293 21
566 -97 303
172 -1311 -29
236 -162 300
-238 805 -29
