81 2389 -236
107 1060 14
280 826 80
1227 296 186
287 1785 -395
295 78 301
720 -503 69
256 -454 19
338 -703 -56
398 1986 -196
862 526 122
-556 528 94
778 -144 278
529 1367 -205
188 430 99
853 1076 -36
-539 -362 262
-311 468 148
-20 1556 -143
-641 -153 124
1008 -294 104
495 103 99
906 282 49
635 -727 -26
519 642 31
322 1503 -480
1098 104 -375
-87 1902 -199
650 1647 -299
1228 533 23
-19 840 -34
-491 854 -32
-632 -482 19
-57 -542 106
698 256 310
571 -318 238
415 2617 -313
-402 -603 19
340 1044 -89
371 2332 -343
366 1001 -514
-306 190 39
931 521 -415
934 -517 -216
464 -185 -26
1116 -95 -16
593 351 -36
1025 824 -75
-37 -305 0
1243 -301 -407
-324 -206 0
852 -144 -54
-704 108 -41
679 556 -455
650 -497 -201
-275 957 -158
38 1228 -204
50 2144 -381
-243 1439 -195
300 2141 -605
179 2563 -393
-222 619 -23
