2571 -225 144
726 89 154
-1776 563 0
-1737 825 10
192 827 154
594 1891 149
1826 2298 149
724 2795 164
1900 2809 159
-1193 612 66
-581 615 66
-431 885 71
758 -304 304
-450 299 299
1515 296 299
2133 286 294
124 517 319
737 487 304
1292 541 309
1914 548 304
2563 609 304
2528 913 299
3113 926 304
138 1368 304
254 1708 294
2143 1765 304
2696 1746 299
857 2061 309
2606 2031 314
-41 2491 294
2469 2370 299
-78 2793 294
490 2733 304
1097 2703 304
1654 2733 299
-1759 -259 547
-471 -286 537
180 -344 537
2013 -283 537
-1707 56 557
2615 201 542
1253 949 547
1828 997 532
1295 1289 547
1954 1318 542
2525 1309 537
3145 2066 537
3160 2540 542
-490 2865 542
2607 2989 547
3165 111 785
3089 605 790
1397 2321 770
3147 2808 780
