77 -62 344
-1618 319 160
-1815 765 304
2068 789 314
858 2033 344
2091 1973 299
2428 2247 269
2491 2591 294
-497 -88 186
-1165 212 251
-402 758 206
262 817 226
135 2406 251
1365 2364 261
614 2482 196
1800 2456 191
-403 -265 469
842 -250 449
2072 -309 439
651 -41 499
1861 -54 449
2448 -108 464
-60 189 429
1120 307 474
2424 386 474
1438 854 459
114 1190 439
1335 1217 494
1812 1637 429
2470 1645 444
2600 2075 489
776 2513 414
2056 2504 519
91 2811 554
1316 2796 454
-1764 -346 692
101 -406 682
-436 346 712
2045 323 737
674 731 747
154 1735 727
16 2638 692
2445 2627 707
2400 2352 216
-1544 264 99
1315 2497 122
879 2468 269
-1544 264 59
-1544 264 54
318 -295 279
-1544 264 84
2509 2104 181
2078 2466 191
1847 2413 194
229 1493 205
-752 283 96
-152 -78 120
-56 795 167
0 0 50
-1544 264 34
-1544 264 39
-144 -241 136
-1544 264 14
1421 453 226
-1544 264 14
1170 630 187
-1544 264 14
-1544 264 4
532 1881 184
137 595 142
-1491 -439 56
