311 -1729 -74
751 1543 130
-582 -1504 -54
-3456 296 249
-1972 -1507 85
-810 -1277 18
431 -1194 51
2970 1335 280
3226 141 281
-2678 -2546 179
-1695 -2142 186
-3003 -1831 184
-2356 994 220
-896 -2245 12
-2895 -1259 354
2720 -1498 94
1161 977 503
-66 -1760 94
983 -1651 -88
-412 -1696 -23
3040 -1344 22
1926 -1579 550
-1297 -2643 334
3180 -1932 -131
261 1866 244
486 1512 225
1053 -993 -66
2936 -375 -31
3259 832 115
2882 163 523
-886 1568 104
-2979 25 234
2402 -1946 -113
-183 1261 191
-3798 382 264
1982 920 587
-1228 1061 152
2685 -1249 -33
-992 -2561 406
1265 1209 215
1480 918 559
-2693 -1817 244
0 0 70
1266 -1409 -48
-566 -1104 113
3113 -1094 -103
-2921 -530 229
-2091 -2609 228
142 -2421 573
1618 1475 185
1271 -1104 12
2187 1221 110
-3447 1035 249
2717 -1768 -20
901 -1399 -28
-3124 -936 285
1240 -2028 -20
57 889 195
929 -1104 342
-3738 -441 281
-297 1433 426
2841 -1049 -28
-2490 -2094 204
1518 -1505 -88
3205 -1498 -108
911 23 71
-3442 -475 249
2287 888 558
-2125 -2072 209
-2906 1615 234
3336 -1310 1
673 -1104 382
-2780 -2152 184
534 -2452 252
-3212 -1632 252
