2032 -1341 176
1547 1014 120
-1738 1222 141
2028 -734 131
1748 -699 181
2071 614 121
2243 1248 146
1944 954 111
1707 1234 181
775 1554 485
1322 -717 191
-3048 286 423
-1442 1706 114
1969 -719 404
-3364 202 314
-602 2065 722
-1811 193 88
-2929 1631 324
2409 -590 900
-845 -639 409
-2143 876 156
-1130 -471 228
-1102 1009 211
1253 -1006 78
-1619 2092 697
-1521 195 86
887 -464 309
-1961 1074 168
-79 2059 352
2469 292 427
1631 -350 137
1617 12 46
1545 -829 51
305 1788 344
-2201 1 151
-182 -1793 332
-1258 1396 212
-341 -984 390
0 0 45
2272 -503 91
10 -1080 400
-1283 -1185 189
489 1519 339
-3190 1342 379
2063 -153 93
-488 1358 345
1660 2323 389
1443 182 147
2751 1232 367
1255 1904 95
-467 2201 342
-1571 -1669 389
314 -894 387
-877 -1033 270
1900 -362 84
2148 433 426
2272 -1040 71
174 2137 322
-1833 -141 66
585 1924 274
2272 -1312 59
2609 -1673 302
-1606 -410 163
-25 -525 339
-1908 695 71
-1007 1335 268
2037 -1990 353
2400 -1904 373
1176 2108 627
-2277 -377 112
-1135 2081 622
-2419 1657 51
-1864 -1099 76
1702 -1253 56
1 2333 326
