2524 2304 960
1181 1909 73
828 545 217
1888 1999 228
349 2159 209
-461 2446 296
456 897 246
27 2734 784
-303 -1144 517
-301 1422 396
1231 1694 1377
179 1264 117
960 -256 175
542 1902 77
575 1316 77
367 1637 197
343 633 211
606 1894 492
206 361 181
2524 2208 419
2025 2508 245
-732 2526 56
149 2248 797
-157 2808 950
1007 1152 472
-267 -112 444
234 1561 847
778 157 269
-224 -1056 247
-137 -256 221
2 -773 56
2174 2346 1365
1496 2326 87
219 2744 172
704 1036 182
-534 2795 143
1492 1844 1352
202 -370 161
960 -256 460
53 2203 169
16 1402 1057
34 1036 82
67 2645 1697
1054 1474 182
716 2789 1217
145 -620 221
999 2177 435
803 2384 382
19 1233 542
-207 2743 229
531 2391 106
1589 2236 847
629 -684 231
-304 2039 731
-159 233 676
118 862 442
581 1196 427
-379 -593 476
312 85 387
2072 2487 862
1237 2382 187
600 1532 232
80 1880 72
1464 2294 502
2298 2194 284
811 1860 265
2032 2799 165
