982 -1741 745
53 -397 527
704 -718 628
-1854 -34 -48
-1773 2209 421
78 703 520
-247 -371 468
-1017 -1499 853
-3135 2303 385
-1621 -1267 3
-1827 -495 -28
-1702 712 510
-1866 1784 412
-637 1992 500
242 1177 500
-90 0 599
-618 -591 598
818 -948 671
-119 -607 661
-1609 -1615 8
-1918 -900 70
-97 -1783 823
-677 -1504 778
-1998 2081 367
-1995 392 -65
-358 1239 515
-294 -2123 778
238 -1838 798
-620 -1237 924
-319 -747 565
1025 -1435 674
469 -571 618
-915 1944 465
-1246 -2071 285
-52 923 485
-1176 756 547
-1206 -1999 748
-1567 952 550
-2140 -902 -374
-2348 1616 337
-221 1913 495
22 1785 445
-1581 1747 482
-774 -726 92
-827 -2071 767
171 1471 453
-73 1427 531
-49 388 460
-1174 -1888 -26
-1970 -1789 -77
-1042 -1208 71
-916 -1921 484
-1063 -1498 470
-1871 -1209 -77
-1098 -1628 -101
-383 -1633 728
-693 -425 178
-2435 1981 355
-1238 325 508
-1035 2245 440
314 715 440
239 -1928 1063
140 -194 381
271 416 440
-408 1470 632
-1259 1977 464
-1262 -2111 -121
-808 -1845 -34
-2124 715 4
0 0 25
-1882 -782 -913
-1616 -2025 -97
-2333 1290 189
-772 -1269 62
