-2465 -152 326
-1728 2188 786
2890 -3019 -297
1450 -3292 -301
399 2350 389
-2999 880 195
-2629 1380 410
1593 -654 571
-1794 -2226 789
-1534 -890 142
-449 2246 301
326 -412 876
1060 -1674 -257
-1350 1339 224
-1239 343 190
-2618 -1731 -413
-3145 -1070 -298
2805 975 258
-187 -709 -283
-2771 -2437 533
-1220 -124 117
-2079 -356 854
237 1418 107
-1950 1728 304
-2008 -116 816
-1856 -2480 784
-1886 837 651
-1102 829 763
-2373 -1950 495
-2417 934 -182
-617 -3392 -182
-820 35 710
2035 1124 402
0 0 10
-2590 -564 797
-1779 -2870 154
527 368 630
-1648 1296 219
-1171 290 584
-2554 -1967 194
3148 -2613 654
-823 -2214 520
2710 -2447 -258
924 -3436 -318
1841 -1374 -225
904 1671 270
-3638 -1718 763
1479 -729 -265
-1894 590 721
-1890 1926 722
-1678 -258 813
-2321 -1696 497
-2319 -585 819
-2158 -2376 997
-976 1006 -398
544 682 -120
3163 -2686 -245
1494 744 292
2873 -2647 587
-1614 287 635
-296 40 613
987 998 139
-1082 143 830
-940 1588 177
643 -86 -337
-2242 -1869 158
-1661 -656 500
-929 494 66
-2205 73 816
-756 393 758
-2233 -833 824
-1500 -1728 -321
-2231 -1453 620
264 -594 -254
2788 -2686 -268
