1331 -1966 -354
626 -1569 -281
2268 -1566 -301
-1787 -1221 -252
718 -1180 -291
1521 -1128 -197
-31 -758 -296
843 -710 -242
1698 -724 -271
3331 -803 -296
-87 -402 -296
783 -339 -227
1599 -390 -326
2448 -401 -247
3284 -367 -306
612 -81 -286
-2565 -1217 -245
-118 -1122 -270
-2544 -959 -265
-811 -971 -280
1334 -405 -265
2175 -374 -275
1255 -1720 -354
-154 -1385 -12
-1712 -942 -47
1849 -696 -47
3484 -738 -82
-813 -1675 191
-1797 -1338 176
-948 -1362 156
37 -1008 181
-2577 -595 206
-1737 -639 191
-964 -586 201
726 -613 186
2326 -670 191
3115 -306 161
1695 -1793 -245
-979 -1194 -270
713 -2195 -216
389 -2112 -347
367 -858 17
-424 -1645 -344
-265 -2186 65
357 -400 -124
467 -740 -294
939 -504 -354
985 -1640 -267
1170 -423 -36
1054 -1200 -36
-435 -1174 -166
1514 -1575 -349
1631 -942 -568
2944 -480 -285
141 -1213 -344
-146 -1791 -359
1779 -1388 -344
640 -1440 62
896 -1296 -535
1072 -2416 36
829 -1935 -314
-72 -2049 -359
-329 -663 -80
130 -1727 23
337 -1040 -233
395 -1417 -372
118 -1207 -33
445 -2284 60
1879 -318 -313
1049 -15 -354
140 -258 -369
