1495 -1424 -207
1756 -1407 -295
1891 -896 -265
1755 -338 -232
1905 112 -217
2177 648 -202
2542 667 -187
2493 -736 -240
2067 -227 -290
1554 -1240 -26
2364 -1277 -16
1506 -848 -11
2406 -569 -6
870 623 -26
861 -208 223
2097 -1475 -265
2808 -607 -295
1572 693 -255
0 0 130
0 0 85
895 -1103 -227
901 -895 -217
2048 1016 -243
1100 -1006 -113
439 -379 58
2048 1016 -263
1969 -200 46
2048 1016 -263
186 -122 -144
2048 1016 -268
2048 1016 -263
2677 -1015 -18
2479 999 -272
2447 -993 -58
8 680 -49
3245 -177 -388
3151 -623 -408
2461 854 -312
3195 -525 -433
