0 0 515
3278 -2383 203
3257 -3135 50
-238 -1882 68
210 1430 -136
290 718 -2
138 -1369 -170
1335 -48 30
2205 -3628 -104
957 -3452 -139
3438 -1728 22
3331 -1275 -15
3840 -1792 -680
3425 -2370 -17
2960 -3471 -211
2276 -3387 -395
-1238 -2019 -199
1569 -2192 155
227 1007 -141
0 0 25
-1016 -1822 -206
3270 -3359 -161
-2287 -5 322
2335 -2899 -329
866 33 -583
1148 -1507 -1280
1942 -1381 -1305
3443 -664 -35
3177 -1597 -776
2333 -886 -994
3548 -1529 -738
851 -2642 -209
1987 -2963 -349
2172 -2702 -131
376 442 -21
-378 1874 -231
344 -2105 -231
559 172 -15
3068 -729 -51
3302 -2138 -680
2979 -171 -73
-1018 1771 -221
3345 -3014 -191
3780 -1394 -690
859 388 -609
-1351 1752 -241
-1283 -1749 -197
795 -2359 -226
3434 -2104 -23
3 1540 -237
-546 -1862 -1034
-319 -1520 -1201
-62 -1553 -1331
732 -568 -1314
-113 -1767 -259
-1666 -183 129
2543 -975 -1258
-2061 -1152 -118
3529 -1537 -132
-97 -1766 -535
-1997 1296 -155
1562 -2915 -296
1667 -3546 -226
1199 -3388 -231
513 -88 -33
2250 -125 -51
694 -361 -484
-2287 -2167 45
1554 -1548 -1321
2581 -126 -38
1602 -127 -38
-1234 -2321 -260
298 179 -55
60 -2028 -226
123 -1656 -232
