0 0 4025
2161 114 891
20 494 390
736 -674 2626
1993 -734 945
1150 741 2245
1934 30 2238
1870 915 831
1647 295 1430
1004 1613 280
2084 -524 245
1556 431 265
650 1653 880
1836 -413 510
1170 505 550
212 500 597
1748 1492 926
965 170 665
0 0 195
1244 -118 305
546 -194 1620
1073 -760 250
2182 867 1656
1377 357 1690
419 958 1550
1676 800 310
837 909 577
1559 895 820
2038 -159 1600
1303 -295 765
1224 436 240
2064 -813 335
2192 946 296
2034 723 311
1221 -550 1705
-99 1219 1610
1466 -811 251
551 242 290
1630 1173 1645
1793 -162 1325
527 444 710
722 797 1500
1237 -461 115
1971 674 726
8 920 800
2022 572 1557
505 -400 1375
-261 1354 765
751 -810 1050
295 1462 665
677 1240 885
584 -196 230
642 712 810
8 920 245
318 708 290
2040 -230 260
1698 450 925
19 1328 1310
1842 -22 309
1265 1554 900
1624 -273 240
1829 -539 230
891 357 276
-240 1464 220
838 -212 1290
1876 226 716
590 -600 732
852 879 245
-591 701 405
1612 -223 815
577 767 160
1674 1538 551
1467 182 310
1307 816 245
1716 -866 448
