265 1289 -81
911 1 -71
736 -829 64
1443 -440 149
-111 223 504
821 -97 174
212 -803 160
-351 -31 262
-255 -8 0
1478 155 214
1530 -821 242
-320 1600 -30
882 188 188
-319 1855 180
619 -728 272
57 790 179
1674 342 53
-67 576 422
999 -548 147
257 568 189
-237 824 129
226 1366 188
2118 -426 200
2344 -705 20
2134 -752 238
2038 192 154
2480 -518 192
1273 -841 40
540 -105 54
1281 -660 478
-3 371 157
579 -603 -21
335 -706 463
-105 1221 212
2160 -122 297
2623 -824 9
383 378 54
2459 87 222
512 147 -1
2375 248 462
414 843 149
675 347 262
730 1029 464
286 804 -81
1184 -325 39
262 1552 4
263 61 -46
1078 -814 285
1633 340 388
833 -397 -51
133 -318 -16
852 1040 -46
1206 198 398
2431 -62 -51
1439 -276 -81
-238 -839 226
-15 545 -55
678 75 402
-323 -543 180
1957 -590 308
2509 -533 -65
1906 346 -31
1971 -59 -56
1762 9 98
204 1003 166
856 -653 354
-105 -213 360
2239 319 14
31 -622 239
-319 -286 29
1266 55 82
498 1895 49
0 0 80
2193 -138 35
-58 1761 -55
