-1172 -1435 97
-660 -1372 84
-132 -1375 92
352 -1312 84
818 -1283 107
1378 -1296 84
-1094 -997 92
-587 -947 84
-94 -970 92
448 -926 84
956 -986 97
1545 -946 89
-1137 -633 84
-610 -643 92
-88 -645 84
405 -587 92
944 -641 89
1504 -684 92
-1257 -361 84
-794 -422 92
-270 -458 84
810 -372 84
1369 -374 92
-519 -285 92
0 -338 84
1067 -336 84
1648 -364 92
403 -327 84
-1066 -135 97
-1319 4 94
-802 -9 97
-309 -16 94
718 12 89
1220 -29 92
1740 15 89
1822 -659 72
-33 246 295
-1588 -1105 72
1488 222 72
479 -485 -151
