-2360 -1317 268
-1947 -1267 249
-1428 -1244 328
-916 -1247 214
1057 -646 266
-51 -1722 613
866 -1687 1174
836 -1308 319
1340 -1305 358
-1351 -1564 246
-2384 -981 308
-1932 -993 259
406 -977 318
901 -985 284
1335 -977 238
1852 -958 374
3150 -611 201
1748 -96 176
-1445 -640 283
-1045 -619 354
-122 -551 344
330 -596 243
1416 -2441 218
1783 527 151
3251 -994 190
-2459 -766 206
-938 -2265 156
-1712 -1957 206
-890 -357 284
740 1680 248
-1512 -2419 261
625 -318 334
1054 -326 233
1493 -297 299
260 239 283
-1702 -1294 206
1121 238 313
2145 340 141
352 584 348
2264 -47 241
1244 607 288
1107 -398 261
1562 -1029 236
-709 -1640 316
1272 1161 328
1731 1137 334
509 1478 318
1442 1251 201
1416 1515 298
382 2014 294
893 1996 363
1779 290 300
1417 2263 245
192 -912 216
852 2315 283
-596 -908 280
2078 -357 266
-126 -807 420
497 -1552 148
636 2170 387
1551 -841 601
-1354 -432 166
1159 1367 181
-1936 -447 188
2139 -876 224
1783 527 171
0 0 85
873 250 66
-895 -464 -101
-103 -450 86
-1596 -2124 1100
345 -313 53
2352 -644 56
1476 -459 46
