2273 -1554 -1332
534 -752 -939
652 -871 -1635
-929 -1930 -1675
-990 -536 -1351
2063 1344 -1328
-1206 -908 -1568
187 -786 -878
-645 736 -1525
-151 -409 -1675
483 -1769 -1670
-574 396 -1298
-131 -2319 -1670
289 -247 -878
-812 1112 -1339
1418 -858 -1505
1781 -126 -1449
145 -1710 -1603
1819 -383 -1627
-2350 -282 -1670
1479 -472 -1547
1509 -2125 -565
1711 -998 -1273
-1704 -1445 -1607
-906 774 -1531
106 -2080 -1572
-185 -47 -1665
1783 -1606 -1670
73 -1183 -1306
-911 239 -1630
1161 839 -1665
-1713 -460 -1545
-902 -353 -1565
437 -2269 -1620
0 0 15
-732 -20 -1621
-1835 880 -1640
1804 272 -1655
625 -59 -888
172 216 -971
-2069 493 -1675
1532 -1682 -1565
-497 -608 -1611
-1600 30 -1636
1766 242 -1369
-704 -854 -1665
2049 -1037 -1487
2178 -1805 -1600
2188 -2130 -1291
447 352 -1670
2115 -173 -1665
-649 -668 -619
-1708 -723 -1665
1423 322 -1670
1448 941 -1660
-222 448 -1221
-465 -7 -1581
433 330 -1192
401 305 -883
1194 -1880 -332
1057 -351 -1590
255 759 -1585
647 253 -948
628 -439 -843
1634 1135 -1655
-531 896 -1276
-1014 365 -1336
548 -866 -484
-227 -1714 -1640
2102 130 -1670
-1296 1052 -1625
-1486 -471 -1384
501 -1492 -1600
-1164 -2012 -1590
-444 -1302 -1660
