-1037 352 -127
-1086 -270 -37
489 -785 27
593 603 -92
-1027 49 -52
1043 334 131
-593 -698 -87
-613 101 -107
51 380 -1
-128 -260 1
347 674 -102
-300 762 32
930 716 13
-249 -37 -17
-141 879 -287
-614 -436 -42
944 -770 -77
609 -169 -29
1152 -256 -282
708 154 -52
236 -614 5
435 278 -94
-1152 768 -34
-961 -726 63
687 879 -39
-1263 -84 -122
-1263 -807 -102
-772 -96 -118
1124 126 -123
-341 -781 -247
-1152 768 -309
232 110 29
-359 506 -85
139 -248 -82
102 879 -8
373 -389 -7
-1152 -512 -212
-711 828 -172
-172 164 -172
1228 373 -202
-1000 576 -247
-391 -93 -257
773 -364 -202
1200 -682 -192
-10 -576 -152
654 -613 -167
860 422 -189
192 154 -242
-699 450 -257
1129 871 -212
-470 -366 -222
458 -255 -272
488 37 -212
-113 -251 -252
-452 879 -201
-460 260 -235
885 679 -252
-388 650 -307
67 643 -252
-636 -147 -327
