-2506 -1100 307
218 -730 131
-2197 -1109 -912
-2550 2548 -579
512 3527 -445
-2570 -1626 -3
-2609 -1507 427
-626 1655 -632
-1886 3354 -642
-553 2431 -649
-2241 495 -705
618 -1893 -38
-2052 -1304 205
-1294 2038 -652
-2135 -90 -557
-1053 -1933 -78
17 -2448 -88
-2090 851 -679
-144 1940 -657
-960 -393 -785
-904 -602 141
-1291 3431 307
-2240 -2496 -78
539 2172 -602
-1257 -1151 -751
-1395 1583 -675
-1927 -2286 -670
-1549 3498 -515
-1842 -2602 -1268
-1260 -2082 -113
-2184 1255 320
-892 1098 -406
-517 2176 -380
-2203 -2529 -675
-2576 1728 -642
140 1849 -557
1085 3427 -196
-2318 -1847 -103
967 147 -460
-1484 -1305 152
-1647 -392 -1123
1223 208 -703
-552 3744 -652
-1975 -2495 -83
-2644 1452 -300
-1256 3959 127
-862 1744 -637
-1817 188 -867
-2415 -2204 -49
-1711 2489 -657
-2379 3094 -592
-204 2532 -632
-684 -1040 -673
-1873 -305 -484
-1841 3703 -647
-1910 1351 -657
-1210 2477 -642
706 3754 -647
0 0 45
-1806 2072 -675
-273 1276 -642
-756 3288 -617
731 121 -695
-958 2210 -622
-1519 3827 655
-108 -239 -39
-812 2849 -637
-2376 1509 -538
-1338 -2044 -664
844 3270 -398
-1645 2870 -637
-2286 2821 -657
-889 -749 -1226
-496 -2784 -97
-1289 75 -944
