2566 -3207 -2860
1620 2328 3176
-918 2706 -3658
-2735 2767 -3007
-506 -2129 2555
-1679 -1796 2150
-3360 680 -3449
-1029 2088 -3638
-3339 -2768 2115
1277 -132 -2895
2745 2774 2864
-335 -2163 3075
2999 -3447 -2559
1664 2631 3423
3312 -239 -2982
2732 304 -2962
-1763 -2436 2177
-2211 -2983 2050
-2584 -2194 2062
170 3009 -3698
2906 2939 3033
-1194 2604 -3648
-3052 2711 -2982
242 725 3832
2240 2982 3143
-2522 -995 2525
-3116 2921 -2520
2928 2940 3855
678 202 2884
-1084 -2246 2445
-2960 2463 -3284
2877 -2613 -2785
-2144 448 -2485
-2387 -2468 2060
2960 2395 3058
0 0 365
1354 621 -2872
-2140 3058 -3021
3250 800 -2890
2568 3669 3279
97 2802 -3448
-2788 0 -3252
1910 489 -3050
399 508 3050
-435 201 2922
-86 2962 -3793
-1847 -2432 1955
-444 -245 2997
1982 109 -2746
2966 -3219 -2975
-3076 359 -2992
1935 2399 3319
-2800 -1424 2329
2890 -2300 -2637
90 2523 -3753
2816 -3296 -2685
1070 3168 3313
-3372 2476 -3504
484 746 2907
-2672 2628 -2337
-2670 367 -2887
-528 733 3453
2640 3266 3278
-428 3231 -3673
-2447 2792 -2907
649 2990 3461
-784 699 3277
1777 2325 3608
-1501 -3490 1975
2838 2756 3293
1343 395 -2749
0 0 40
-802 2969 -3738
-1288 -1880 2968
-481 -2560 2375
