955 -1573 102
-2381 1121 71
1108 -762 309
-551 35 1140
1610 -1963 376
-2739 621 111
-882 -2320 141
1371 47 51
-166 2060 111
253 -1939 94
-1681 101 1347
-566 401 94
-877 -801 69
-28 746 71
-334 787 81
-338 -224 328
-807 193 32
-990 -1098 773
-3082 1625 130
-231 1239 51
-1443 -459 321
237 1791 71
1412 -1274 607
-200 -614 91
1601 -2583 86
-1188 -161 765
-1737 1218 46
1583 1262 267
767 -1072 126
-111 -232 84
-766 -1153 94
152 -290 111
-1393 -1041 46
-799 -153 614
1289 -690 -367
-488 -2210 158
-2367 -104 77
-434 1391 64
-1370 -1578 141
368 388 150
418 -359 73
-1279 1529 189
352 792 132
847 1929 101
-1448 -196 839
240 -603 61
847 -548 51
60 -269 385
-3166 1401 216
-872 1316 200
141 -2318 125
-806 -814 627
-63 319 417
-916 -504 427
-370 -271 663
-1033 -1680 101
-78 396 1627
859 -2210 84
405 -742 1052
590 -118 71
1535 -905 51
-134 -2308 110
-1993 -1297 86
-5 -751 1141
-1164 275 282
523 1943 56
-445 -1446 299
659 -793 51
1153 -2138 126
17 39 61
-2085 -2469 212
615 -1677 66
170 -1624 159
-627 929 119
-268 148 -273
