40 423 243
-268 737 -214
1 -644 252
598 -477 1066
784 279 -80
949 672 142
201 180 -67
828 -583 156
932 -363 -248
784 -319 84
558 -712 -173
763 703 617
-732 -164 -178
-27 -797 822
-267 -179 116
-661 1007 259
-671 -258 567
286 -377 871
413 -927 -131
350 680 22
886 1007 7
227 945 627
1007 80 -241
-390 -276 -88
639 17 298
-1007 -181 94
721 215 552
930 -107 788
-633 -609 -237
754 -952 -198
909 -775 -48
-563 -67 954
993 -792 447
-16 1007 753
-210 -862 -33
-17 721 202
1007 -1002 202
-302 214 92
591 -466 326
472 -960 122
849 -35 -53
-886 1007 598
-574 345 -128
528 453 61
275 -611 467
-1007 202 14
-649 -225 222
-943 -967 453
780 897 -258
320 943 192
-661 -643 111
18 672 -233
720 512 -218
-460 987 52
-471 -28 360
-557 -918 17
282 446 171
-16 -366 -52
-352 -687 -248
-584 102 671
0 0 50
768 816 277
528 472 336
-557 -650 488
-663 1006 -263
-701 570 350
-341 -609 32
-1007 316 264
6 -1005 325
-535 788 533
560 704 -138
62 912 3
-422 538 -248
