-315 -1165 529
-58 -1095 379
444 -1081 434
981 -1032 384
-170 -711 379
399 -820 459
896 -764 404
345 -463 484
-262 -175 414
52 -178 444
340 -202 389
734 -172 429
1031 -178 444
-61 119 549
537 151 464
842 159 419
11 -1414 423
432 -1389 443
735 -1352 473
1070 -1310 448
-107 -421 523
-278 -1456 625
72 -960 675
732 -1026 620
37 -522 630
496 -525 705
782 -406 680
248 59 398
0 -1344 371
-279 -1042 436
0 0 600
425 -528 301
120 -1378 406
998 -164 276
1063 -145 246
620 -1104 131
507 -1040 348
768 -64 164
768 -64 89
920 -131 81
-7 -1401 51
920 -301 -14
0 -1216 68
-241 -704 21
0 -1216 13
0 -1216 -17
1036 -1140 1
700 76 -9
0 -1216 13
0 0 160
368 -958 -149
205 -84 -149
-194 -1041 -169
922 -1000 -159
535 -1376 -207
