139 -849 1431
-383 149 1558
-354 127 591
699 68 403
170 -586 1531
-614 -647 3399
939 -799 301
-77 -302 16
0 0 90
-640 -512 343
573 -427 508
0 0 115
-398 -574 101
854 -397 2681
272 -509 152
0 0 480
341 -287 31
561 18 741
829 -261 1591
406 193 -12
-640 -512 198
0 0 60
144 -442 6
-6 -570 245
807 -525 26
502 270 326
700 -784 91
794 -178 46
-640 -512 -2
939 -799 306
-640 -512 -47
-604 272 -42
983 -802 6
-17 -486 89
751 137 -24
-640 -512 -47
772 -679 -107
425 -529 697
-437 -23 31
647 -520 -8
502 270 366
917 -634 31
-395 -275 63
-640 -512 173
960 -640 429
960 -640 319
922 -572 21
190 -304 326
-400 -107 46
863 -517 41
1007 281 583
585 -585 427
-640 -512 311
190 -304 311
502 270 371
939 -799 296
0 0 65
626 305 -227
