645 -1376 -785
-880 -1320 -744
-146 -1434 -650
233 -1412 -610
645 -1441 -630
1011 -1417 -625
-869 -1085 -640
-439 -1123 -615
-880 -1320 -754
364 -1162 -600
726 -1150 -575
-527 -814 -560
-135 -754 -635
-880 -1320 -754
563 -675 -640
-463 -759 -935
-1009 -649 -645
-497 -432 -665
-880 -1320 -754
0 0 10
-894 -340 -605
736 -312 -620
-601 -1478 -775
454 -250 -610
865 -941 -409
-811 -757 -429
863 -1285 -780
-987 -86 -404
814 199 -399
688 -754 -770
-545 74 -621
-115 42 -636
263 5 -646
-850 188 -616
-215 -1116 -868
-880 -1320 -749
471 -1109 -858
-880 -1320 -754
1055 -463 -898
1175 -174 -878
1099 147 -883
-880 -1320 -749
949 -898 -710
-880 -1320 -734
-880 -1320 -744
949 159 -690
721 393 -622
949 159 -680
483 -1430 -775
89 413 -715
421 143 -715
-600 -1294 -720
-30 350 -740
-880 -1320 -754
975 -957 -745
-508 435 -775
0 0 100
624 396 -720
-880 -1320 -739
66 -1348 -745
-880 -1320 -704
-873 -1145 -803
0 0 55
-880 -1320 -694
873 -372 -760
-880 -1320 -729
420 -750 -775
0 0 30
952 264 -738
31 -1463 -770
-880 -1320 -749
-606 -1236 -765
-753 -1142 -780
-936 109 -760
-880 -1320 -724
