1298 407 441
1164 37 1186
-2347 255 1111
-2260 515 825
596 -629 976
830 15 1076
-348 -141 1053
-1557 256 2185
-2650 -137 1690
-2016 -503 1728
-1649 512 125
582 504 723
527 -799 731
-1841 -373 643
-2339 -92 823
-2112 209 306
-3138 56 535
400 57 655
-1168 -65 489
890 -344 473
304 -515 501
-3171 424 334
632 -178 416
-1858 109 151
-1242 -176 59
-2699 -92 815
-689 -395 874
-15 -590 1111
-882 149 109
-3296 382 1514
721 -541 1496
175 350 1526
-1349 -144 1474
-2604 196 23
-1353 578 1417
-596 676 1269
-1885 -126 1151
-3331 751 1269
-815 212 1129
798 -226 1486
-1894 -398 1201
-3274 76 819
1383 316 926
267 929 101
1379 404 101
-3105 672 1109
-2482 356 813
993 -468 1261
-3105 -254 614
669 671 481
-396 -375 82
1055 404 136
-1931 579 381
844 -854 416
1212 747 471
806 607 146
-2702 -102 187
-3095 474 21
211 246 149
-1209 575 120
988 -348 203
400 63 255
1074 717 103
633 -388 136
1003 185 358
-661 -4 169
788 -144 201
1204 -196 101
-455 664 81
-116 -612 141
324 -229 121
