-1072 1402 578
2017 2824 500
-773 -2830 607
1389 -2209 673
192 -2254 518
-1226 -1368 751
0 0 90
1355 2560 655
1149 -2001 726
-194 -1765 518
-1606 -1271 583
-1692 724 -24
1621 2524 563
1174 278 32
-693 922 75
-1736 -982 513
1431 195 -17
340 -2473 634
702 -2539 685
523 -2081 538
1087 731 -65
982 -153 -84
-1222 572 -83
399 -1415 53
-747 2677 478
552 1545 12
860 -952 -159
-1956 1058 556
-1378 -1163 523
360 2435 621
-560 -1618 483
-1642 1346 596
873 -713 -83
-1382 1572 488
-1013 2744 689
-1762 1594 570
-1322 -2414 540
-1466 2181 645
16 -2285 722
-1073 1659 553
-1785 -1538 744
771 -1983 670
-1256 2539 701
-944 1883 503
-699 1938 714
-1240 -1695 634
-900 -1879 567
-194 -2573 598
-1762 297 584
-1580 1064 662
1737 2892 678
997 -2360 688
771 -1531 655
-2026 -2319 593
-1637 -2782 538
-1681 765 632
1466 -2753 602
675 1715 658
-1775 2310 513
132 1869 614
755 917 -149
-1586 -2320 632
-1560 175 488
-1245 -655 52
334 -1732 508
-166 -1346 360
1554 -1928 631
-1624 -175 670
338 1174 12
-1514 -1688 612
1806 2185 488
-1764 1890 596
614 2225 519
1361 -966 -149
-1916 -658 488
