-1791 673 510
805 101 799
147 1034 635
944 -528 354
984 107 592
1263 374 199
463 442 271
-1824 -127 316
-1344 345 467
-1524 387 786
-1498 -317 377
226 689 375
1015 661 174
-31 931 335
-579 395 292
-393 698 299
-257 -202 246
496 -413 302
-718 675 339
-1586 95 336
-522 26 118
1015 1247 139
707 -69 214
-451 1156 331
-786 57 307
-101 231 271
308 -107 231
964 -157 114
733 235 173
-1317 165 232
359 877 175
1072 80 103
-182 464 116
1235 786 4
914 420 34
1252 1106 44
949 418 372
-1085 885 161
-1263 680 101
-1872 -173 86
-1448 1084 53
297 -380 111
0 0 25
0 0 15
