-1305 -2113 -186
1561 502 37
1075 314 -263
2044 1813 58
-664 -1371 -236
1134 -38 804
367 1445 -198
-2075 1010 512
1965 991 -268
-1271 -1085 -210
1773 411 760
-2374 -1020 505
2190 729 718
1101 -1630 -230
782 -1431 -204
1732 -273 -273
-549 38 -263
-2198 -1701 -71
511 -1865 -2
1378 717 -233
-1452 -213 -243
0 0 70
7 -1793 -253
-1756 1726 -223
-2419 1064 466
260 1705 -38
-689 1967 -243
-10 1043 -233
-1285 -1472 -236
-1295 -819 -215
674 -24 428
-2114 -1146 476
-2155 1660 -76
1252 1448 -248
2122 -896 626
-1859 -679 -263
-921 -939 785
-1995 1119 -178
102 -2268 -46
-83 -962 865
-87 683 760
202 -429 939
-191 1730 -243
927 2064 -233
-2106 -1512 291
789 1485 -256
-2237 2088 -76
-1489 -1848 -228
1417 -2016 -243
1608 -2203 -61
-160 2016 -238
1546 1387 -268
-617 -1255 211
-1543 272 -205
533 1776 -13
2231 -296 755
-870 1188 -148
-1149 -154 -263
-1259 439 -132
-2408 712 660
756 -8 -23
-113 320 -93
726 -924 750
1418 -247 -268
545 490 862
-652 942 750
1549 414 -231
-111 -2156 -268
-2205 1329 306
-401 -1500 -263
30 -487 113
681 1998 95
950 495 -18
-900 -1183 -254
