3240 3118 81
-3220 2302 87
-487 2026 563
2488 3574 18
721 1275 -2723
-503 856 -2555
995 1498 61
-435 1109 -3226
-403 3598 299
-499 -2525 -2111
-408 62 318
438 -371 50
94 -58 69
-250 1062 8
-986 -285 48
-825 220 -12
-203 -2533 -1961
238 205 18
2796 2861 37
-1125 -1592 -1996
1082 1869 44
-79 -3538 -3062
269 483 58
2643 3144 365
-534 512 -3222
-651 2431 622
-2289 1329 309
-477 1832 -2588
1842 -3264 -2760
-151 2353 612
-926 2194 664
-2765 2334 157
-1019 916 268
-2316 1797 159
-2786 1105 58
1767 2692 53
3343 2860 92
534 970 47
-3042 3569 70
-1204 3318 239
-587 -447 179
-657 3653 299
-1365 126 57
-476 1507 1749
-242 -3159 -2454
-1892 415 139
1151 -455 -2818
-1201 -162 249
-1071 3578 38
1751 3739 118
-445 2298 -2429
-1612 2791 60
-699 -3456 -2394
-772 -1465 -2977
2446 3059 13
2117 2662 49
-108 -1778 -3000
416 3232 100
-1875 2943 1081
-837 -1652 -2001
-112 2794 207
73 3127 86
-2663 2677 58
153 1279 -3197
-681 -3881 -3138
-208 -1919 -148
-594 3070 13
-2277 834 118
-1229 -393 63
-1057 1901 633
-2144 2590 9
3200 2581 61
-269 -2095 130
2827 3756 44
-926 3346 90
