-295 -3041 -2161
-389 -3825 -2092
-768 400 -2397
-1094 -1385 -885
2970 -1 -2106
1210 2789 -1944
-2404 3772 -1915
-174 -3648 -2125
1073 414 -2150
998 -1129 -1930
1360 -1308 -1966
2970 -3375 -2026
3206 1377 -2121
-1123 -1408 -1324
-1046 -2086 -1989
1029 -825 -2197
231 3257 -380
-2019 -192 -2066
289 1633 -2151
365 -3517 -2106
256 -3840 -2127
1807 1793 -1900
-166 511 -2043
-1405 -2049 -2021
267 -1921 -2161
64 -2707 -2025
355 -2288 -2126
71 -2974 -2087
-1689 -1478 -2061
-256 2796 -1948
-896 -3968 -2116
674 -1645 -238
-3323 -3693 -2051
3174 -3537 -2049
172 -3289 -1636
-2590 749 -1890
13 2782 -2010
2471 203 -2161
-1797 -676 -1943
-3195 1365 -2076
2326 -85 -2126
643 -3979 -2141
721 1762 -2121
-597 3663 -2078
316 3737 -2049
18 3679 -2100
513 -1534 -2039
-1091 -941 -1938
2232 -2482 -2023
1353 -2147 -2113
-1721 -2031 -1184
1699 -1435 -2156
859 -467 -2177
-931 2999 -2109
-1071 -3537 -2161
-2666 -287 -2106
0 0 25
327 -1260 -2219
1873 230 -1719
-1692 -2317 -2056
-207 -2066 -2120
317 -906 -136
1181 -2699 -2161
2687 699 -1962
3030 -574 -2136
-2588 -613 -2141
-513 -1430 -133
-2239 403 -2112
-256 1184 -2179
-648 -3795 -1639
-2094 -2527 -2089
1607 -1166 -2104
-1233 -624 -1967
1833 2256 -2141
2108 -2135 -2048
