-1153 -1166 719
-740 -1159 761
43 -1169 351
-13 -1189 806
-1391 -1055 408
1089 -1174 789
-1231 -921 759
-45 -902 776
-141 92 122
-123 16 511
1024 -18 526
310 -560 221
767 -452 222
-1309 -638 476
582 -184 201
-798 -404 844
-380 -450 881
-392 -598 486
338 -346 681
937 -1643 276
-893 -937 161
-666 -121 759
893 -2 109
930 -688 849
563 -61 806
998 -599 221
-369 -867 226
-718 226 804
-341 223 774
821 -1270 988
919 206 744
-88 -1206 112
740 -468 557
130 -826 641
930 -688 714
-594 14 316
-579 -1050 221
-30 -199 236
-252 -366 117
991 -1079 216
-276 -1056 656
-849 -724 336
46 -747 186
-1251 86 605
-391 -340 451
764 -786 247
221 21 296
-796 -233 1094
284 -1463 388
-254 -673 351
-662 -720 614
-1216 -894 136
603 -1048 136
