-212 -127 1134
2049 -1119 1510
-208 -449 1225
380 -892 1787
-933 -149 1592
332 -217 1229
-873 -1945 1358
-451 185 1459
1173 3001 1353
656 2999 1348
1400 -2966 1526
914 -2966 1455
1328 80 1443
402 -2743 1461
212 -2044 1380
294 356 1568
912 3002 1414
625 88 1473
584 924 1425
1308 2393 1418
1357 1519 1383
376 -2236 1437
1326 -2913 -228
1067 -2744 62
-1100 -2807 1429
1713 401 431
1291 -1999 1398
913 -1006 1440
847 -659 1440
1964 -2027 1353
1336 -1641 244
599 1731 1405
-403 -1197 1395
583 2801 2140
1036 1506 1078
-1568 94 1477
-1429 -1337 1346
1342 -1276 1376
-413 -356 1378
-811 1695 1442
-205 -609 1773
658 -2997 -228
29 151 1426
-728 -783 1123
1321 -2790 1292
1161 2128 1493
595 -178 1363
-371 679 1709
1074 238 1140
439 146 1854
1092 52 1625
578 356 1341
1398 813 1626
466 -1556 1385
396 -2709 860
1551 2214 1378
-727 998 1520
1461 1812 1363
1743 1580 1297
-161 -1009 1410
419 -631 1668
-135 1418 1361
116 -998 1373
114 -525 1473
724 -576 1677
27 1945 1368
522 -1928 621
-19 142 1829
1985 -28 1558
240 -1395 1363
-679 2466 1373
471 -423 1427
574 -170 1856
159 -413 1775
1176 -2966 1395
