1557 -717 117
-756 -1434 -174
-178 -1350 -164
356 -1309 -194
918 -1298 -164
-1413 -874 -164
-687 -939 -169
32 -956 -149
598 -918 -179
1243 -861 -189
-1190 -393 -184
-492 -412 -194
238 -434 -154
923 -348 -169
-1403 147 -159
-792 167 -189
-149 174 -174
437 160 -189
1007 113 -164
-1483 587 -164
-900 591 -179
-181 516 -179
548 455 -144
-1150 831 -184
-576 1089 -220
78 956 -189
-1181 1450 -164
-514 1512 -169
326 362 129
860 879 104
518 1368 119
-829 1656 395
-238 1699 410
63 1680 415
403 1671 420
1672 360 734
111 -1004 -216
775 1174 1012
1379 1133 987
799 1526 1002
-1468 714 109
566 979 109
-1122 -1484 -167
81 -1505 -152
753 -1602 -182
1400 -1644 -152
-1107 -1162 -167
-450 -1119 -167
-834 -576 -182
-195 -641 -187
428 -633 -192
1058 -655 -177
1321 -599 -162
686 -90 -172
1368 -191 -172
-416 108 -192
159 148 -172
0 0 15
0 0 20
0 0 30
0 0 30
1106 1379 651
-1983 695 -23
1022 714 760
992 675 340
-1966 555 43
1012 1602 1018
131 243 -241
-375 663 28
987 673 732
-576 1089 -225
1422 580 350
284 -476 -236
947 1588 1041
2543 57 26
