57 2886 33
1260 2853 285
1173 3336 -59
706 2298 146
1628 1728 207
2208 1294 -104
1117 3467 193
-853 2202 451
1494 2505 -79
283 2601 333
3551 2847 -164
1850 505 345
2168 1165 314
1510 2389 159
955 2468 -99
548 2085 277
1067 2075 149
-996 2978 552
2406 2659 357
636 3061 263
371 3060 361
-969 1440 121
1014 2770 293
713 2849 96
163 2840 343
2625 2977 35
2963 3396 489
885 1813 112
3335 -74 36
2031 -688 440
1522 2829 348
3053 1985 -134
2240 1673 -179
865 -697 435
264 2698 -49
1672 2290 -164
1215 1299 233
608 620 238
-775 1916 512
-878 2911 56
2462 893 -169
2255 3898 -134
2066 -35 76
790 610 -115
-741 3355 121
-449 3498 115
-112 3345 17
1568 2934 -496
2074 1042 -96
673 3389 136
0 0 70
-331 2307 171
1940 3219 -895
2108 -675 126
444 200 83
2290 1927 228
1426 2098 208
882 139 -38
-720 2118 81
3168 1248 -142
-380 1167 58
47 1133 -3
139 2145 305
1334 1202 -167
1658 1476 173
-117 3186 349
1733 -679 485
1846 912 96
1675 3935 -145
-171 1182 287
-973 1207 475
2153 -435 465
1321 2978 -184
941 3235 -155
995 1288 -164
