-1775 -1227 81
-1619 1689 19
1495 986 24
-1184 454 66
2077 1913 52
-1624 3116 408
2326 -2310 24
2819 1766 14
2182 1650 14
-1159 -414 44
1299 -2720 48
825 -51 24
-1829 104 101
850 1563 52
-295 -1627 86
-1148 1179 44
1032 -2584 57
886 999 29
-1218 -66 84
-752 -1433 19
-541 1200 47
-879 1689 67
-1527 -72 160
-1752 2107 14
849 -475 84
-2266 2848 493
1851 -2953 53
691 2680 49
-1163 2052 39
-1595 2307 94
790 -3017 48
-1940 1302 14
-1205 3041 456
-502 1750 74
-377 -2486 153
2690 -2736 14
640 1321 48
-733 -2201 19
-1311 1569 107
-1918 2767 398
-623 -3020 173
1778 -2536 57
1917 1584 49
2625 2059 51
-1414 -2536 470
549 925 538
-1098 -2016 39
-1729 -538 450
81 1661 42
-1288 856 157
2266 -2910 34
-1051 -2410 398
-1080 2787 23
-147 1090 59
-1690 428 390
-2518 2179 242
320 1808 161
-778 -2790 418
389 -1469 82
-1448 2005 19
-524 -1210 14
-1867 2361 24
-144 -1370 19
1655 1599 117
-1831 2651 68
-1115 -2924 417
733 -2559 14
-1319 -1496 97
0 0 30
1524 1874 57
383 -2250 14
-308 -1917 82
-1100 632 214
-125 2152 98
-1692 -844 445
