1124 2581 293
-2607 2448 371
-787 2321 130
750 -2551 1028
2585 -788 1711
-1673 3018 99
-1679 1300 16
2579 -514 1759
2792 3106 2296
-1205 2674 138
1041 -2554 1156
-2971 -2550 -149
-3547 -2953 -28
1833 -2541 1452
-68 -1950 -30
-2855 -2839 184
-3328 -2490 194
-1890 1763 257
-1385 2469 225
-340 2581 190
1925 2408 205
1939 2129 200
-1791 2520 252
589 -419 -46
532 2811 172
-1831 2148 188
-2146 2095 183
-1996 1436 183
1887 1754 271
1382 -2531 1331
-2344 2605 236
-3360 2837 275
1027 -822 106
-451 -589 -20
-1637 1911 43
-1543 -722 21
-235 -197 65
2146 -42 298
-2878 2526 246
-995 -1705 -170
498 2503 153
1402 2474 163
-2029 2572 188
-1552 -502 234
2816 481 224
-1708 -360 33
-2503 -2350 229
-1121 -2522 201
-2399 2888 266
2140 795 220
-1249 -1380 909
1996 2088 709
