85 -1582 74
449 -1590 74
843 -1498 74
1143 -1428 74
-201 -1129 79
371 -1152 74
728 -1140 74
1100 -1150 79
-160 -787 74
118 -795 79
485 -811 74
790 -786 74
1238 -898 74
-163 -493 79
236 -441 79
624 -480 74
984 -544 74
1233 -506 74
-194 -199 79
-205 90 84
110 156 94
495 80 74
909 155 84
1273 210 74
-223 526 74
267 477 79
588 539 94
1097 628 79
1481 559 79
-54 989 74
789 984 84
1090 992 74
-73 -1350 58
1422 -324 63
1335 856 63
191 -1153 285
319 949 290
935 969 280
1064 -989 507
288 714 507
428 -256 58
1126 -11 63
964 401 63
436 761 58
