1648 -2987 135
1003 -489 -147
656 -2020 114
792 -291 194
-254 -952 57
141 524 490
737 -1667 89
-128 -1598 -152
1127 -2829 18
1315 -3040 8
813 728 181
443 855 238
1048 -1765 -157
513 -375 310
388 53 351
772 -2279 -27
-580 -1640 87
-197 -2481 82
-975 -986 145
2056 -2960 155
1842 -3307 159
917 -3162 167
1204 -945 -37
694 -2804 44
1342 -3346 90
2031 -3251 -46
667 245 281
630 12 139
196 127 186
2415 -2992 40
-579 1230 -9
321 -532 75
449 599 129
655 440 124
-209 -651 34
166 527 89
453 332 465
604 -904 -12
777 -199 -71
646 -3030 -51
586 -2516 64
1002 485 36
1082 -1199 -112
-740 -182 -11
1223 -2011 -28
493 -1650 -50
448 -3196 -96
877 -3415 -94
730 496 428
110 -2361 -41
-792 -554 -71
-216 -1303 -107
-49 559 249
283 -2082 36
1088 158 31
-415 -1908 -117
1053 -109 -19
433 120 -32
-229 235 16
748 1103 161
-565 873 -29
527 -2270 -102
-879 289 -27
0 0 35
86 851 111
283 325 -32
-502 -472 -132
285 -289 -133
-561 -1109 -147
82 -1258 -61
1724 -3172 -135
1295 -2582 -53
-436 446 -7
-730 -901 -107
417 -1268 -172
