-40 3367 -35
547 276 284
276 1951 -444
370 -1949 -835
487 -1540 -444
-1366 130 -2258
-558 1671 -1843
1518 -1804 -379
-574 -1177 -2105
2256 6 -1504
84 -415 -385
-570 931 -1452
-1065 -747 -2230
1661 459 -357
451 -709 259
-983 3454 -429
69 1513 -2220
306 3250 224
12 -333 -2054
1733 1941 -369
2058 -1816 -371
-1470 1631 -2291
446 1281 510
-538 -1014 469
901 1493 -1531
1069 -38 166
-1681 2218 -1302
807 -1800 -429
210 1697 -384
1102 2460 -378
-345 2049 317
2184 -1470 -375
1895 2751 -1948
345 630 440
-1778 804 -1607
-1375 -259 -2155
214 558 884
1698 -692 -1319
-224 1589 -283
1876 -656 -352
228 -730 442
-1659 1097 -1577
1532 15 -2312
-191 3155 -408
-1694 -1206 -1966
-1740 935 437
-337 1234 -169
-107 3438 -444
1717 1215 -374
1419 1294 -960
-1087 -556 -376
1425 -1196 -414
0 0 80
-209 2100 -1399
689 2413 -379
1744 734 -369
-617 3094 -411
-272 2691 -2312
884 -483 -1010
2416 3568 254
-1426 994 470
-1032 3007 -419
1396 2430 -364
-769 -567 -424
-500 2210 -1344
-730 3353 -419
1134 -1574 -444
370 -1422 224
813 936 -1165
-9 1188 332
926 648 32
-108 -1721 288
1429 2166 215
-405 1648 338
-1351 536 -444
