158 -799 333
147 691 303
229 191 333
-1245 200 274
1744 240 308
1608 399 3
792 173 13
-1181 184 19
-1165 -87 268
-887 317 318
816 603 448
268 779 568
-207 362 558
1454 943 583
-1115 656 480
-1712 848 328
0 0 510
-17 265 193
-1903 478 300
332 -536 418
-1306 -531 600
348 894 1551
46 -150 283
1262 943 298
1732 -392 292
275 -212 560
764 -644 1202
1392 -399 303
-322 758 338
-1296 368 1074
1804 868 171
-556 -690 188
-658 -939 148
-1567 -887 238
1583 704 957
69 -715 643
-409 392 88
234 262 133
-1412 938 83
-688 -135 115
-1826 873 58
116 -942 78
-347 -976 284
-538 821 35
1520 465 960
911 -394 123
-576 6 273
-1296 495 404
-137 -700 398
-1872 -48 513
-1274 708 988
1577 423 448
1552 -623 349
644 612 623
-702 693 398
-200 -284 618
431 335 515
-211 -403 667
1584 52 686
-1029 -863 573
-1712 665 488
1454 943 523
1804 868 636
275 -212 530
1599 48 113
911 -394 138
0 0 65
0 0 65
0 0 110
0 0 90
0 0 75
0 0 50
0 0 15
