-1773 -1738 215
-672 -1731 225
-209 -1772 190
330 -1809 190
0 0 140
-1076 -1122 703
1390 543 653
832 1792 230
-167 -1422 215
-1163 -1744 406
1414 -1443 205
1920 -1441 190
-1783 -1070 235
-1301 -1047 185
-756 -1014 200
1337 779 531
222 -1102 195
1782 -999 205
-1790 -557 225
-1234 -563 220
-543 243 238
-168 -456 215
1808 960 56
1823 -576 200
-1138 -1544 239
-612 -144 200
575 -1330 -7
0 0 75
1377 532 675
1859 -200 215
-1681 162 210
-25 179 195
448 159 240
985 110 185
1464 156 245
-1518 -1886 13
-1308 594 175
1906 -1252 -30
150 687 165
731 679 175
1259 651 175
0 0 155
-1283 930 175
-731 902 195
-213 876 220
-1092 -1868 -12
481 -1553 53
-1633 -1162 68
560 -1081 179
1042 -1023 219
1328 -207 47
-1182 573 -30
0 0 175
-1145 -1285 663
603 -1997 421
350 -1425 446
789 -146 396
-766 314 386
-1788 1075 486
1905 1082 436
1936 -1855 199
1510 456 461
1361 237 670
0 0 115
1418 401 174
-142 333 117
0 0 115
903 -710 -25
-1187 141 230
561 89 368
1327 398 516
-1345 -1300 138
-998 -1281 703
1462 563 658
-1878 915 -17
