-266 -326 -1841
-979 -94 -1756
-1638 -594 -1741
-971 -1412 -1599
-1366 -434 -1024
-2177 302 -1731
-707 -157 -1752
-1245 -299 -1331
-739 -860 -928
-847 808 -1752
-1083 254 -1459
-2168 -625 -1458
-552 441 -1706
-277 399 -1729
-1518 -128 -1746
-451 -1012 -1746
-1587 -651 -1376
-1430 145 -1791
-1804 -2458 -1761
-2101 -397 -1701
-988 -1851 -1505
-559 -741 -1266
-1272 -848 -1157
-901 614 -1301
-649 -1940 -1754
-767 1081 -1879
-1264 -1957 -1339
-926 68 -1184
-1748 -961 -1507
-2168 -2467 -1427
-1122 -1257 -1756
-2077 -1617 -1719
-1542 -1678 -1840
-2330 -1305 -1756
-2135 -916 -1482
-852 -403 -1963
-884 300 -1791
-1553 -2291 -1836
-1921 1250 -1906
-407 -730 -1806
-278 789 -1876
-1091 -329 -1521
-1944 -2033 -1771
-2305 -1998 -1806
-1117 959 -1506
-340 -1676 -1811
-966 -2572 -1826
-1220 -1896 -1748
-1660 411 -1249
-1305 728 -1454
-804 -1244 -1403
-1299 -242 -1841
-218 -1121 -1881
-1832 -197 -1589
-733 579 -1543
-2388 -506 -1827
-1398 1179 -1558
-1747 638 -1861
-327 30 -1814
-1136 199 -1812
-1290 -1010 -1816
-2109 -1621 -1426
-1441 -769 -1861
-1556 -1398 -1860
-1357 -544 -1714
-672 142 -1858
-2258 3 -1856
-1431 725 -1906
-1009 -731 -1858
-1152 474 -1876
-1575 -1617 -1484
-1876 131 -1847
-1163 -1509 -1871
0 0 25
-2033 909 -1881
