316 1367 480
180 82 470
-37 1511 615
-425 991 280
702 -80 341
298 -1299 475
201 56 60
910 -292 313
338 -192 497
968 -1480 248
-387 -1245 265
-169 835 255
-119 -976 215
140 -908 1438
748 326 294
299 585 392
209 1618 1130
938 140 1042
396 -707 1477
502 1527 292
-44 420 235
-120 1135 386
585 -1128 245
235 -411 226
565 -312 185
367 829 165
234 -786 235
270 1197 1125
270 646 1145
251 1741 369
591 -1382 304
783 -674 458
630 -807 169
289 -1516 1184
272 -1236 1115
80 -448 1433
276 73 995
-131 -1056 1383
479 -1084 506
268 -746 1150
622 129 1102
270 -423 1155
562 -828 475
200 -461 624
696 -1304 70
-384 522 482
-306 225 518
-322 8 171
-397 -238 237
-65 -729 217
9 -1475 200
636 591 150
-45 -445 110
-487 367 145
116 875 120
183 1162 297
-735 304 258
681 -557 144
920 1537 100
308 1446 140
1007 -159 88
417 1180 80
866 -731 97
-201 1247 75
-117 -181 209
-379 222 1027
261 318 237
384 30 322
-330 701 70
988 1053 95
484 273 75
31 1552 60
304 562 161
262 -223 1000
313 -1519 703
