-394 1753 -825
-954 -1907 -750
-3639 -756 -780
0 0 20
2668 -2634 -973
-151 2556 -687
3073 -678 -967
73 -854 -811
-1223 -1300 -996
3712 -11 -819
-847 1849 -885
3459 -356 -870
204 -2043 -797
152 2290 -857
-452 -2652 -815
-947 -2430 -848
1770 2450 -833
-1005 2389 -893
-2706 -1681 -878
-20 1769 -797
1452 -2122 -909
1678 -2838 -837
132 -2411 -860
340 1752 -788
-321 -3119 -729
2558 1576 -613
3069 839 -923
-235 1225 -803
122 -2718 -691
34 -3032 -863
-637 -3376 -777
1698 -2425 -960
-185 -2578 -762
2022 2296 -920
1140 1966 -882
-2336 2738 -860
158 1933 -734
1943 -2235 -925
2963 -1137 -939
3049 1163 -920
-598 1901 -764
-3512 442 -940
2313 -2695 -930
3233 -495 -835
727 -1821 -816
-1905 -3018 -867
-6 2823 -657
3139 -932 -904
269 -3309 -781
-214 -2199 -730
-2616 -2577 -860
-2596 2629 -935
-2768 1364 -898
-2059 -2798 -871
-3614 977 -912
-1723 3027 -900
-2536 -1967 -930
-54 3404 -712
937 -1980 -935
-2354 -3110 -894
133 -1740 -728
2533 -2117 -955
-238 -2852 -699
-246 284 -760
-568 -1489 -1006
-537 -2160 -798
3543 850 -885
2332 -1726 -873
-3601 -1212 -977
-2769 1895 -880
885 -3174 -796
-345 -1775 -745
2519 2463 -896
-3165 2093 -887
96 3080 -744
