0 0 240
-712 759 40
-1397 -735 842
-745 -665 547
-77 -653 707
288 -594 632
-1394 -417 762
-985 -391 742
-677 -368 672
43 580 140
192 192 286
-962 373 135
-958 -159 50
-950 111 667
192 192 271
-338 294 537
17 333 587
302 299 572
-89 -91 120
-1080 601 682
-64 153 40
-331 662 612
-655 731 60
346 660 712
-1139 -69 641
-651 41 611
-443 584 185
-1408 256 737
0 0 640
-718 -760 130
192 192 626
320 0 5
0 0 490
-989 775 140
-276 602 330
-110 142 400
192 192 216
7 641 -5
192 192 86
-1408 256 382
-1247 459 60
-1408 256 397
254 357 75
192 192 226
-1408 256 386
0 0 370
192 192 111
-581 -95 -128
0 0 415
-242 759 190
192 192 171
-192 686 20
-574 666 195
-684 -11 176
93 -466 190
-363 706 255
-553 -16 -22
192 192 256
-436 -724 175
-436 -724 145
192 192 246
-1296 -453 -130
-435 747 -145
