581 -427 -1022
1348 962 -1382
-895 -1889 -1275
-835 900 -1173
-1671 -2099 -1474
86 -2035 -975
-2572 -244 -1236
2559 1329 -1489
795 -57 -1028
368 2143 -849
1692 784 -1268
0 0 25
-333 1506 -1219
-1637 1085 -1208
2301 3123 -1250
13 -612 -1265
42 2602 -1283
-1112 18 -1414
-1881 1141 -1278
825 436 -1016
-2084 -2288 -1251
1185 1404 -840
1422 1151 -1213
52 2247 -1232
-1863 -17 -1187
-2384 -1117 -1265
2808 2412 -1255
-2486 -1738 -1288
2642 3135 -1403
322 -724 -1073
-1093 -255 -1382
-154 1120 -1156
261 -1618 -685
650 3453 -1275
-1962 233 -1233
382 3273 -1264
424 1209 -1269
3125 2783 -1249
2680 1788 -1218
-653 -264 -1324
868 -394 -1002
14 -1265 -747
2190 2568 -754
2513 1592 -1189
708 -707 -1119
386 -988 -1278
1030 -582 -1274
-2907 -812 -1254
-1740 -1564 -794
1165 -92 -1249
2299 1356 -1259
-2541 -802 -1214
1905 3186 -1196
-1393 -2415 -1259
2882 3173 -1316
-464 -1067 -1235
-474 -2047 -1276
-999 -543 -1326
-350 -1853 -1166
-709 -1476 -1341
-1264 755 -1161
-832 -1055 -1248
1812 501 -1185
1368 2981 -824
65 -1891 -1251
294 -1325 -894
-487 2040 -1249
-2360 -2071 -1245
-2387 776 -1205
-1098 -1766 -1429
1501 1640 -834
-256 1930 -1264
1649 1285 -1308
522 -1900 -1216
-221 288 -1296
