105 1704 1863
-337 -148 1466
-350 -313 -267
310 248 -396
186 411 11
-542 285 -257
102 298 1674
-286 1299 1697
-403 1648 88
-451 -743 -288
-304 -65 -176
-145 -519 -197
-454 962 1698
-751 365 714
-676 188 31
743 1227 -302
-139 -271 74
217 -192 -70
35 -771 868
742 92 368
40 -371 -307
641 799 -302
490 1049 768
108 1747 -227
-510 828 1203
-450 -271 28
-419 -131 618
-583 272 493
-543 -588 528
478 1762 -247
51 -743 -189
734 -82 -320
173 921 -241
507 -1166 -302
133 1248 -331
88 -1382 -312
-672 1761 -80
-268 -1081 -287
704 -267 1063
412 -1164 332
563 -307 393
-168 1440 148
586 -355 -302
-71 881 1304
-39 79 -237
-551 1485 983
-672 1761 1103
397 288 540
264 -609 1548
46 -364 1108
302 143 139
477 -1320 13
314 1112 84
-699 -1095 -57
-228 1015 -22
-527 762 58
455 370 -196
-4 -716 128
616 -420 33
-9 847 -51
-80 624 -306
260 1603 47
-4 -989 -227
-136 377 39
528 -92 105
-271 1501 -267
-221 -1115 140
-326 852 -297
