123 639 1054
-2001 912 -63
-905 469 -215
-1039 -39 -105
-782 240 -126
-2222 458 539
-1258 915 227
-2122 125 -151
-2098 147 454
-90 532 251
-953 434 165
-2282 281 58
-1633 264 209
263 1945 -183
-372 900 -221
-2012 687 -191
-115 1036 -251
-1761 1392 -9
-966 1721 -135
-943 2248 -191
220 428 400
-777 13 -291
-972 -395 -296
-363 525 74
69 771 -206
-256 334 567
-950 1118 706
-1746 -58 -171
-2217 1156 379
206 1320 -136
-1017 791 -211
222 959 444
223 -279 -196
-933 2059 140
-2177 -352 -231
-1001 514 522
-2029 445 -79
-783 -285 -161
219 1327 514
-690 921 -138
-147 169 -171
-1087 2033 -303
-1734 403 -246
-1088 1447 -245
-1337 1506 -182
66 472 -127
100 1651 -143
-3183 388 292
-2287 927 469
-563 638 658
-1254 784 652
-1357 1065 -226
-1678 1049 -266
-1018 -366 569
-832 2033 -299
-591 1654 -180
-2213 1898 6
-1213 266 -291
-2044 1327 18
-1476 -4 -246
159 685 429
-993 1046 -256
-814 1302 -231
-2229 2159 -8
-1568 820 -231
-1747 693 224
221 431 138
-1832 1871 -190
-1040 252 -45
-160 1637 -197
-371 -104 -283
-1789 2455 -49
