1579 -1790 -101
668 -144 61
-2381 -1155 46
-229 -1106 47
-1658 -312 20
-1919 -514 -9
-1606 -1298 -26
-2546 -1400 -9
-1268 -555 4
292 -1103 84
-472 -235 -16
-431 -1573 -17
1021 -221 -63
-1991 -1164 29
-112 -1884 -100
-1957 510 -30
811 -1544 -90
-920 -1421 -27
441 -1542 34
-1175 -1192 -8
-1636 -1589 127
0 0 25
-1298 -1436 262
1141 -553 -76
-2088 -1036 -203
-2075 28 -65
1139 -927 -224
-721 -468 -109
775 -496 -20
-2308 295 -67
1181 -1185 -5
-1900 -838 -13
-561 -973 -37
116 -915 -176
-98 -1291 -191
705 583 -69
1432 -1282 -209
-2464 -223 -80
1377 183 28
446 -1047 -229
-227 166 -59
719 -910 -246
1502 -867 -264
1112 -1594 -61
291 429 -50
950 -761 -25
-960 -1988 -70
1351 -1563 225
414 -1124 344
376 -611 -84
-1241 -1687 -53
-1666 -1476 373
-1565 -826 -67
-2408 529 -65
210 -409 -251
902 86 -55
-1408 -1181 206
-981 -1157 -216
1271 -1981 156
-1695 -1035 -194
-465 -510 189
343 -320 -36
1389 -560 -160
196 -1835 -25
-226 -854 -241
-731 -826 -200
-1828 -1384 70
-2863 -294 229
-2372 -635 216
147 -475 318
108 -368 77
-2819 188 -246
-2084 -312 -113
-1262 -1295 -221
-1780 -76 -76
