-66 -722 1277
876 -912 274
-34 -580 447
-491 402 161
-812 -13 172
-607 -310 212
20 -1180 29
981 -1999 447
403 -1349 117
-176 -584 109
-518 -2042 112
-143 281 150
726 557 92
-614 -475 572
-419 -681 627
-105 -1251 626
875 -992 812
597 144 675
620 -592 642
797 -287 727
442 517 780
-322 360 1070
75 -1086 732
99 416 745
422 -1152 686
635 -1084 356
470 -1646 392
-304 -62 347
-807 -1105 187
-548 -1870 367
216 -1885 342
85 213 451
1055 751 305
474 310 325
-136 -982 242
-22 -1632 497
910 233 67
-774 -1724 232
-309 -351 262
49 522 230
70 -814 267
763 406 327
725 94 297
367 305 90
-853 478 67
54 -277 52
-379 190 44
-35 -2010 62
-137 -1647 37
700 -94 54
503 -347 9
965 -575 57
-256 -1839 222
-812 -1968 22
-815 -569 69
-482 -1695 49
910 -1118 42
1019 -866 17
906 -1570 7
-664 -933 -23
598 -919 -28
-246 444 -25
142 432 -25
