-411 -1656 198
-431 -424 -493
3012 -2955 77
3040 3744 89
-293 -663 182
-553 708 59
2433 -3074 110
-283 280 59
111 25 -1305
3168 -2400 -23
2398 -3517 84
-437 599 -224
-698 303 -1443
2696 3116 -31
-39 1597 120
-995 -416 -511
1854 -3104 135
-532 -1054 94
-473 -860 -107
3168 -2783 -33
2730 -2601 -36
3168 3553 -23
-756 -1336 32
79 -2283 45
-45 2120 35
2844 2651 -125
-1282 14 -1537
-997 -292 -145
1007 -2765 45
127 -1895 -135
858 -3176 24
2968 3337 3
-541 -6 -1532
1001 2976 50
1320 3348 33
1048 3265 -140
-51 484 -1538
364 -3177 29
-495 1190 35
-85 712 -21
-141 1151 -87
-114 -1456 29
-276 963 188
-284 -291 -1222
-461 -2344 39
-897 114 -1543
-1052 -1087 29
-707 1135 -102
1345 2959 45
-1101 -774 66
787 3134 35
-761 -517 -895
2771 -3371 -145
2337 2682 29
-1262 -1540 34
0 0 5
0 0 15
0 0 5
0 0 5
0 0 15
0 0 5
0 0 5
0 0 15
0 0 5
379 2664 -98
0 0 0
0 0 15
148 2586 46
0 0 10
0 0 15
0 0 10
2421 3468 43
0 0 10
0 0 20
0 0 0
