-914 -304 934
1942 -2264 688
-72 1685 923
250 745 588
1863 -1472 671
1231 -1880 1037
271 -1181 573
657 -702 623
-2068 767 658
499 -1327 583
16 -80 613
358 -888 683
86 -1891 598
-217 -1575 639
479 -2019 619
-669 2313 883
-1781 742 588
-1778 1150 619
-1552 -1548 919
-1117 -26 823
-452 1904 648
1153 1552 914
1216 -893 634
-1468 2131 639
-153 -454 578
2037 -769 619
-1989 -507 598
131 -445 657
-1151 -2726 898
1478 -2127 622
862 47 917
-820 312 935
-991 1860 588
1975 1637 654
-1888 1468 628
-2076 112 693
-102 738 623
1390 356 889
2408 724 921
-847 -399 623
-1697 188 623
0 0 55
-422 1517 558
423 -366 613
485 2040 1046
847 -74 593
-930 -1882 947
2128 -2576 568
-2619 1278 896
-421 -2036 679
911 1344 879
854 -397 844
1567 1125 889
-42 486 659
-698 1994 604
2570 965 901
-129 -2154 648
-1090 -2332 848
-2079 -1178 598
1223 2095 623
-2074 671 986
-533 -69 651
-1540 -70 631
701 -616 949
-848 -15 603
-1770 2599 558
1712 1554 603
1588 -1709 768
2434 1295 839
687 1916 654
-1418 191 671
-2144 2480 573
193 227 678
0 0 10
0 0 0
