3104 708 -1280
3404 1286 -1252
-3552 -1495 -1282
-1998 -1768 -1183
-2819 -2189 -1362
393 -1372 -1213
257 -292 -1246
-367 -1858 -1339
3081 977 -1289
2877 -531 -1242
316 -78 -1407
1614 -1715 -1265
3362 805 -1297
-2694 -1688 -1400
2357 -946 -1362
-17 -1156 -1412
-2682 -2881 -1402
1490 674 -1307
3186 -840 -1277
2762 -81 -1404
609 -1404 -1368
1664 -2847 -794
-3403 -1720 -1157
-2444 -1632 -1333
3387 -2038 -1321
3250 -2587 -1292
555 -9 -1447
-2932 -1382 -1261
-3420 -1939 -1355
40 289 -1427
2500 -1839 -1437
-1402 -2009 -1397
546 353 -1442
-233 -1287 -1271
1003 -561 -1357
1095 194 -1292
2609 -709 -1354
2767 586 -1406
-146 -902 -1372
1317 -1320 -1375
-1770 -1807 -1377
-132 -2203 -1417
-903 -3302 -1225
1642 -2720 -1378
811 354 -1428
-373 -1501 -1305
-189 -3224 -1438
-73 -572 -1392
283 495 -1382
3344 1472 -1417
-1113 -1676 -1377
843 -1178 -1452
-3552 -1056 -1377
3234 -1608 -1361
-561 -3136 -1367
2723 197 -1382
-391 -3536 -887
1279 -2754 -1338
1880 -2488 -1367
-3050 -1732 -1264
2736 -2511 -1357
0 0 95
1165 483 -1393
3393 -1048 -1311
3552 1008 -1392
-3355 -1235 -1340
1965 -1258 -1347
1990 757 -1407
-1548 -2608 -1367
2029 1064 -1333
2998 1442 -1346
3428 -599 -1377
-229 -2866 -1367
-414 -1274 -1452
-804 -2002 -1452
