-433 -472 1201
-750 -48 401
-217 617 366
-742 1149 376
-636 -456 913
-706 193 1661
-440 -414 1660
195 180 1507
-366 -701 2570
450 829 2941
171 1157 2426
-679 239 803
153 635 2221
-530 -383 569
-217 1006 46
-145 234 626
-495 985 606
-605 -301 2450
245 -674 556
-87 465 206
735 1263 1696
-207 -474 281
625 31 -84
-119 -677 31
532 214 411
-89 -75 106
-314 779 -169
648 -709 -180
-694 563 816
-688 880 298
-384 -169 711
-319 1051 461
-711 963 1651
-751 428 262
-115 -177 1916
423 955 1001
285 521 -4
-751 205 186
218 -103 669
478 539 196
434 -691 -54
-382 1064 1884
-741 889 -4
-618 -40 721
-592 451 1561
-362 -206 101
-143 367 396
648 -709 1065
-340 727 96
-103 -390 166
-610 571 -204
-239 -788 301
458 -794 266
-202 -755 -199
299 143 1011
269 -184 66
552 -415 766
-19 354 1331
-259 787 671
0 -888 1325
-711 963 1271
550 -378 -19
132 970 76
303 1129 1341
-64 773 831
-558 -197 221
648 -709 115
0 0 1130
161 1030 -204
-713 307 -159
42 590 -119
-479 -665 646
384 756 706
-713 307 -164
0 0 15
