-114 -657 -21
446 -814 -31
148 -587 9
-509 -193 -16
-2 -254 -41
366 -263 -36
-551 89 -36
633 966 592
-584 471 -36
-64 434 -6
-65 745 -11
-720 992 -117
-360 759 -47
207 646 -62
444 -706 -124
287 -655 236
-694 -208 221
317 2 246
-522 -513 414
333 -457 409
-374 -111 384
229 -156 399
372 201 414
643 239 419
-293 497 439
135 472 424
228 864 439
-615 -729 612
-394 90 617
447 531 637
-622 799 622
391 812 622
633 966 632
-720 992 -122
240 -388 -167
0 0 90
0 0 70
0 0 50
0 0 60
0 0 95
0 0 55
0 0 90
0 0 70
240 -388 -202
-720 992 -137
-720 992 -152
-720 992 -147
240 -388 -192
444 -706 -189
0 0 5
0 0 35
0 0 5
0 0 5
0 0 5
0 0 5
0 0 0
0 0 0
0 0 0
0 0 5
0 0 0
0 0 5
0 0 5
0 0 0
0 0 0
