-491 582 -334
393 485 -89
250 233 -442
-163 1895 -375
-1647 2550 -252
802 452 -186
-322 1790 -91
-688 -1843 -241
-525 -1655 -460
-558 288 58
1182 481 -263
419 -55 -479
-583 -1597 -58
1065 -332 -183
-1926 -2031 -220
169 -1774 -419
890 -2158 -364
1334 2406 -80
564 -1644 -303
740 -1860 -267
164 1934 -163
-1220 -238 52
1096 2573 -188
269 2145 -43
-233 -967 -354
-1509 -1824 -150
151 955 -361
-142 -620 -194
1152 324 -509
505 -1343 -193
-1006 -1805 -438
40 897 147
-807 -259 94
-768 -549 -288
1259 -1989 -350
879 -792 -48
1569 492 -208
549 -864 -471
908 967 -13
1100 -1743 -58
1551 914 -199
0 1386 -346
431 2120 -401
1809 2544 -412
-96 423 18
-316 2284 -344
396 224 37
-1185 549 -204
-205 532 -284
870 2520 -26
-1985 -1503 -205
-307 -354 -253
-1211 -1808 -237
-2018 2232 -171
584 -1064 48
334 -1027 175
-700 274 -339
-1918 2456 -115
1986 -1503 -273
-219 2077 -133
1429 -756 -253
-272 -1490 -328
-1136 -1538 -504
447 -2093 -278
-559 2118 -320
-156 1207 -143
777 384 427
263 566 -447
747 -313 98
-1937 -1730 -305
209 352 505
-1321 2546 -308
1308 724 -283
-1105 830 -298
0 0 5
