208 102 2336
964 463 1871
143 1971 1696
928 1944 3012
978 420 2458
477 138 2266
911 1921 2410
202 465 1251
50 1101 2111
809 1265 1981
0 0 2035
97 1495 2091
936 1669 2083
-117 1355 2171
879 109 2101
935 1562 1577
632 1916 2041
859 1267 1634
51 1920 2175
260 1904 2026
55 54 2619
852 102 2551
752 120 1739
928 1948 1831
96 140 101
112 1904 2426
-56 284 2349
1007 743 1696
674 1939 1481
76 94 926
636 124 241
908 48 1122
740 117 681
1004 939 756
880 1999 706
143 48 1536
875 622 741
108 1889 1270
117 539 91
842 1588 1146
927 148 1448
264 108 586
0 0 535
92 779 651
290 1937 81
944 1716 626
244 1955 551
745 621 121
975 1904 1013
697 1934 636
514 99 421
916 847 461
80 143 1171
755 1491 431
588 1904 391
291 527 336
283 1360 376
0 0 360
249 796 86
972 1992 460
559 1707 76
113 1954 806
24 395 341
-76 869 281
338 1947 331
48 1995 271
873 1670 256
971 1940 253
975 111 226
921 1023 171
970 139 926
512 391 206
751 1400 221
1002 685 211
998 -225 334
