2913 158 153
312 -788 348
-1679 -442 392
-3199 -431 158
3375 188 113
1419 -908 56
-2527 -227 -12
3060 -187 520
548 -75 288
563 546 51
121 -281 285
2649 -806 110
589 -568 216
-2683 -428 113
-560 831 189
-3487 -32 73
2516 679 83
3396 -1818 105
-2950 -258 53
-914 695 76
-2336 793 105
33 -674 68
-65 -110 367
-443 -540 139
2419 -707 148
-3030 352 -119
-2541 26 58
-941 -148 480
200 -1351 34
180 422 3
918 -773 346
-3030 551 109
-3461 -681 55
1769 439 96
734 918 106
1344 717 106
-311 618 91
-328 151 13
-2104 1396 520
571 -1041 136
1369 -15 400
-1499 144 475
-168 1475 445
-959 -2311 286
1846 -226 103
500 205 141
-2952 -899 264
373 139 -110
-208 -191 63
-3262 -2131 200
-2308 -1880 33
-2593 499 94
3117 325 -12
-1374 -752 59
-1079 -88 64
-2330 -170 -814
-1860 41 56
-680 -101 64
2393 -124 69
-1825 -639 59
-780 -708 90
946 -344 126
-88 319 38
0 0 10
-742 473 101
-2568 -710 44
2134 524 64
753 96 137
-3487 1108 87
-1422 -439 81
-289 -197 -814
669 -780 70
1836 -671 107
-31 -971 72
-808 -813 416
