-1990 2615 71
696 -1294 24
-2545 -137 -273
-27 738 177
-2373 -621 -253
219 -544 -65
2573 1554 -248
1032 -1566 256
-920 2480 107
-1104 2256 -128
3169 -566 -268
116 2097 -253
2586 -1073 -153
2490 893 -238
-2816 -95 -204
-198 943 -233
-1399 2200 -222
-2508 1233 -149
-1897 2256 -263
-639 2375 157
-1657 -1275 -208
608 2320 -248
-3303 538 -258
-3549 -825 46
2404 -736 -70
215 815 -83
1870 388 72
-2950 -809 -263
-2008 1520 -243
-773 -567 -167
423 -638 -237
-1578 1672 -263
2674 27 -212
-1532 -927 -224
1925 -1562 51
-3111 -140 -62
100 -400 -273
-2699 2138 -229
1861 -327 -263
861 -737 -195
1075 -488 -192
-2358 1655 -263
-3364 907 -217
-1050 -1283 -27
-1066 815 -8
499 -1474 -243
2422 -116 -82
258 -1364 92
-386 1986 -243
-3400 1542 -286
403 394 27
-1522 687 -173
396 1977 -207
-3043 642 -253
1892 1586 -187
1644 1552 -263
-165 2301 -117
-2832 -1104 -268
-2705 -600 -209
251 1654 -237
-2864 1582 -23
967 -1292 147
-1819 -598 -258
-1151 -1575 56
-2231 555 -258
1361 2145 -256
1551 2195 -58
2925 -59 -28
51 2133 33
1144 2543 -266
2218 -789 -258
2555 1947 -253
