34 1971 1181
-834 2569 -79
-1156 387 251
1855 2051 -115
237 1764 1057
-348 -407 283
1851 1198 207
-2032 -214 -80
380 354 267
-863 -1496 -145
1414 -854 499
-71 2875 -130
-457 2283 -80
167 -1252 1093
-169 -2586 -140
678 -3 253
-2053 1130 -120
1268 281 589
173 2780 -120
-2285 254 816
431 2139 -122
-1009 11 822
-230 983 317
-118 -1485 1087
91 -1987 480
-2003 635 485
-728 254 221
-750 130 890
-112 780 216
638 -1371 943
-2034 -2832 102
-1259 -717 738
1306 20 369
884 -1475 -153
-1060 -572 -16
-1295 534 925
895 2040 -74
2168 2356 183
-2825 -1545 479
-1037 935 832
-386 788 221
493 2563 -115
-2919 757 -119
266 -2850 -120
-28 1161 890
513 -359 39
-35 -756 854
-441 -788 854
1531 -891 147
-1088 1619 -112
396 -2448 -100
2020 -1483 375
-1063 -1088 -55
-713 1201 -35
987 1288 585
1060 -1793 324
-9 -2974 -115
-442 -2012 -125
194 750 847
-2392 -74 -46
-2657 259 -56
1246 -2672 -63
691 321 294
-2247 2479 213
-1976 -1951 -65
-1888 -145 483
1606 1013 494
-399 -663 359
-233 -1126 1029
1428 -563 529
1256 2709 -39
-872 -432 837
-340 -2805 -94
13 1824 -34
-1490 288 852
