476 2120 -174
667 2213 16
2598 174 113
854 -2094 359
769 -2566 -49
-672 -2080 295
-671 -2337 247
2975 3311 -119
2927 3131 175
2718 -135 -39
2547 931 237
736 1321 -88
1685 1223 -87
1826 3424 316
1386 3679 424
2042 3102 283
2588 3243 274
1501 2875 349
2072 3468 231
2595 3558 270
2082 2885 -149
567 -1352 -51
3320 1335 -169
1217 -160 -159
1981 872 182
2370 1047 -123
2083 -56 -144
1913 1103 -128
2233 913 192
2293 1736 -113
2538 1669 -108
-264 -1865 235
1069 -12 200
1166 1646 208
2686 558 230
34 -1563 230
2664 3062 11
2268 3291 224
2982 451 -179
510 -145 -60
1541 1481 -119
2342 -176 -144
-219 -2633 185
970 2490 -208
932 2108 -199
1258 3028 189
2859 1295 209
2794 1145 -189
2227 1327 132
2310 2965 194
1304 -607 -163
616 -1721 41
1762 1024 191
781 52 228
1289 -843 -27
-287 -2336 152
