396 2812 -105
1306 -640 -110
2090 -2008 210
441 1778 -105
396 2812 -95
396 2812 -85
396 2812 -115
-2164 245 1059
253 -2968 -104
-1247 -1060 -85
396 2812 -70
396 2812 -105
1017 -1190 -22
396 2812 -50
0 0 70
-1317 1427 -140
-2000 -687 506
859 -2932 -109
2140 1808 382
1962 -1460 423
0 0 80
-1970 1539 890
0 0 40
396 2812 -100
1464 1235 504
-1267 1095 -105
0 0 50
153 2253 -145
2352 3027 487
-562 94 852
396 2812 -100
-424 -2151 -140
-1799 157 369
1147 896 869
396 2812 -85
521 2617 -140
396 2812 -50
2073 -1554 352
-2537 8 -75
-747 2918 -104
-735 -811 856
396 2812 -120
256 -2285 -145
162 2681 -120
-321 2752 -140
-205 -1030 27
-722 347 246
-3 -2673 -110
-713 -2759 818
2322 1935 326
119 1212 864
396 2812 -100
-659 2861 808
-1004 -554 869
-217 -2083 -51
-320 -2688 -125
0 0 140
0 0 45
0 0 65
396 2812 -125
-3055 1077 872
2346 2162 236
396 2812 -105
-777 2871 -82
0 0 80
-1979 -882 -85
396 2812 -90
469 377 211
2464 -1485 375
0 0 15
-299 1833 27
0 0 95
396 2812 -90
396 2812 -90
396 2812 -70
