473 -1512 -117
483 1768 -41
-233 -798 -2
-231 1460 -131
-549 12 -86
-204 -289 26
-792 -1024 -95
-335 452 44
59 1209 -213
-494 -729 -158
941 -334 -133
307 -1857 -174
-842 -1488 -131
192 1754 -192
-205 1050 -198
33 -1265 15
-554 808 -132
378 -409 -145
-739 -1364 78
942 -777 9
-539 -1114 -201
473 -1048 -158
-293 -462 -163
994 1327 -49
823 -1367 54
659 -811 -201
271 129 69
624 -220 -182
830 1919 -166
-869 1497 -166
320 -155 -134
-531 -1711 -170
431 1363 9
356 895 -247
545 178 -198
-31 -1419 -214
-367 -1359 -176
99 546 -187
51 271 -92
-697 -247 -177
682 410 -227
-415 1257 -258
-50 1683 -94
-266 415 -212
-273 1832 -222
-648 1812 -212
-744 1139 -117
633 785 -98
959 1585 -214
0 -1999 -239
-266 -989 -256
809 662 -248
286 1335 -222
655 1308 -238
496 1105 -88
958 101 -268
965 1062 -253
