-3109 -53 331
-657 -1917 -74
857 37 481
2065 -290 -27
-802 2734 -292
1742 11 -132
78 -2047 -156
-521 2698 -62
369 -769 728
-3593 -367 486
-653 1280 -167
750 -1536 768
-827 3003 -295
-2163 1007 725
-651 768 215
-2693 168 223
-2672 -257 581
-2184 -622 685
703 -141 -120
-2934 -269 555
-1690 300 613
-1989 -2171 877
1416 -280 516
-3327 16 170
-677 -162 -162
-1857 -2836 378
-807 1948 -135
1638 31 366
-794 551 -112
-720 241 -172
-3360 255 649
179 19 398
-2222 -118 646
1972 175 -102
1801 -1058 -37
0 0 20
1623 1146 62
-1271 286 -31
-851 -1385 -157
-2620 -157 309
-2534 951 120
-2881 -193 285
1795 -1829 -21
-1429 -2377 373
-678 1064 -37
1710 -238 -121
2091 -33 -17
-832 -783 -44
1287 -676 713
-2308 -1776 591
-83 -9 421
851 -1988 580
-3033 268 494
-767 1298 352
1323 83 381
536 -1953 -156
-464 -143 1
565 952 554
-1105 940 61
-715 -1051 -33
1072 -560 783
-1184 2492 -156
1786 678 218
-2306 278 767
-2421 -1883 216
2338 201 -173
-2204 -1097 676
-1470 -1674 642
-27 468 681
-2040 -2479 702
1737 939 -132
1126 -1954 701
-2668 -2822 463
-3237 -2758 96
-2446 -412 642
