-2600 1219 399
-1056 3091 637
-251 -1331 422
-808 536 746
-286 -2409 463
-514 350 773
-145 527 306
2681 -2215 116
2358 -1533 538
850 -1707 100
1211 -1578 165
-918 1727 701
404 -1120 230
-277 -2836 556
-1836 2663 372
-511 -3011 571
-2816 817 332
-1993 -2324 405
-1866 -3232 360
19 -2846 503
1336 -313 721
-951 2317 658
847 1445 758
-2301 -1405 552
-520 -2544 880
2544 -2448 66
-770 1314 732
2928 -1704 391
1600 -755 386
-451 -1127 347
2397 -2095 257
520 -2514 126
-231 -1829 362
574 541 337
-8 -6 312
2495 -1728 102
3097 -2145 106
-526 -780 359
2048 -867 568
43 -1036 314
144 1414 322
-302 1290 322
951 411 322
1072 323 1007
732 -14 317
2092 -2005 273
-1815 2934 331
-1034 -3124 471
908 -1431 72
-243 -464 307
312 1381 720
