318 -1777 84
1116 -1778 138
2998 -1813 108
-487 -1391 94
-1287 -1119 138
1353 -1037 79
2160 -1070 143
3047 -1062 59
1339 -789 138
2192 -772 99
3105 -710 148
-2981 -421 143
1340 -507 39
2081 -485 49
3144 -1404 98
0 0 30
2883 -1592 75
-325 -726 105
-3053 194 105
-1291 188 70
-2959 464 75
-1194 554 90
415 639 80
1329 575 100
1173 -1361 310
1216 -1099 290
-428 576 315
-468 899 285
-1183 -585 65
3075 525 105
384 902 80
1225 908 75
0 0 50
0 0 10
0 0 40
0 0 70
3288 -1260 82
3240 -1630 112
-3024 -192 114
3099 -1643 117
0 0 25
0 0 35
