486 -1701 368
783 -1718 338
157 -1140 343
415 -1130 393
-834 96 206
-660 248 173
185 927 63
116 323 338
610 56 276
-94 784 318
-848 1171 303
-741 1646 313
-469 1677 328
755 -520 422
-202 98 367
618 199 367
209 1230 342
739 -866 307
-584 -224 402
-367 952 337
-60 1483 242
209 1511 322
193 -329 30
-727 39 211
342 59 90
34 804 293
-757 569 266
607 66 271
-342 694 298
-768 -60 236
-340 923 286
-727 39 181
-768 -60 161
610 56 131
128 -1135 116
175 31 96
879 61 91
-110 -1036 91
-554 -376 -35
304 -1743 83
39 -1016 66
595 269 19
-26 -1135 196
304 -1743 83
304 -1743 88
532 -84 114
172 1379 53
-662 240 81
304 -1743 73
-457 -99 63
304 -1743 78
-704 -64 28
-560 449 314
-864 864 58
304 -1743 68
35 1122 166
111 -799 51
470 47 51
304 -1743 63
304 -1743 58
304 -1743 58
