-456 -811 -377
-58 -800 -372
315 -737 -377
-399 -457 -391
79 -481 -361
408 -501 -361
827 -443 -386
-363 -195 -367
24 -218 -392
317 -266 -371
585 -219 -401
1011 -204 -402
-149 133 -377
205 209 -402
852 271 -392
-348 573 -361
105 464 -376
430 437 -381
-4 806 -402
412 822 -402
736 853 -387
659 -921 -398
854 -760 -171
876 -8 -146
-409 -822 41
-8 -837 21
375 -752 71
725 -732 36
1012 -756 46
-152 -386 86
225 -387 56
477 -297 51
848 -372 56
672 562 -423
994 -878 -413
522 177 46
-206 481 41
162 429 66
453 429 36
928 418 61
-425 709 46
10 793 66
395 878 51
872 881 61
994 -878 -398
672 562 -403
0 0 45
-143 480 -416
-143 480 -431
-143 480 -451
165 -4 -473
