-1416 1270 771
-303 1383 81
-1274 943 73
-1922 5 415
143 839 101
-1874 1518 235
-1994 895 206
1771 -376 151
1187 813 189
-2307 86 186
-300 -80 116
-2187 1371 195
-725 1215 46
-1581 -1011 239
1279 -362 188
1116 -595 105
1352 -759 81
1800 1664 116
150 1422 76
1621 1094 360
-1697 -659 141
762 -601 133
-1660 -101 51
-2319 -177 337
403 1252 122
1880 524 56
1969 1065 278
-2703 -357 61
-1874 -928 303
2008 -1199 651
1594 -21 290
-2277 987 156
-797 366 163
-3091 -195 431
-2295 357 201
-692 1034 242
1303 -1085 150
-480 561 337
-2228 -876 191
-831 1681 101
-2631 592 100
-586 192 184
1188 1490 131
382 139 274
-1386 -493 173
-2912 768 75
-1864 456 38
459 624 -130
-2382 656 212
1783 -105 51
-1011 -1087 111
-2236 -503 180
1775 -1305 293
-2021 14 71
-2687 1679 147
-2927 1170 125
-1348 255 113
-1051 497 86
-2631 255 135
-75 360 46
1277 214 86
-1162 -55 226
0 0 85
-3435 -424 749
-1581 699 191
-788 -243 190
692 -1223 91
1065 -229 160
1680 -1019 86
-137 183 798
-2430 1577 200
-212 902 59
-751 -480 96
1651 675 120
-2658 -617 78
