-2552 1368 171
-684 932 220
2140 -472 211
399 1429 215
-1916 -1735 121
949 -2021 151
1028 948 246
1671 -1863 230
-1083 -1779 191
-1502 -1523 225
-149 -1488 211
-2513 -979 212
-253 -579 2391
-1507 -775 684
2107 -1385 235
2680 -1326 186
-1982 -1014 261
2336 -885 171
989 105 151
1123 -1082 215
1778 -1119 276
1183 1463 96
-2533 -703 226
-788 -734 230
259 -62 826
361 -734 275
659 -568 1334
1613 939 255
-15 223 333
-1496 -391 186
364 -284 429
1932 -224 226
-2115 396 292
1165 -115 460
1368 -702 35
-1303 -688 124
2427 581 166
-2505 400 205
2170 978 241
-1443 1514 200
-854 427 246
-212 414 235
403 453 261
1979 191 117
2067 463 423
0 0 140
-2171 -799 547
-1619 -489 481
-2016 673 79
-718 -1017 121
-92 -305 493
-2527 -16 46
949 622 46
