-3680 -760 210
-1492 -151 265
544 -223 119
174 202 270
-282 131 395
-2441 -584 405
-2915 306 272
-2871 -109 412
536 242 59
-1071 -154 237
-601 154 498
-1075 -534 408
-2627 -713 197
-2604 -39 297
-2267 248 397
-1805 -460 318
-2529 -306 297
-2645 434 357
-3066 -322 338
-3807 -512 272
671 34 22
-1996 -218 315
969 223 57
-2252 589 264
-3280 392 337
-2034 379 297
-1192 29 434
-2241 -846 274
-1505 -690 299
-3369 -367 242
-963 847 220
-3146 105 261
-675 -724 257
-1554 419 329
-1141 -788 305
-1277 355 360
-522 -30 234
-1378 -412 251
-1776 876 265
-2349 -125 214
-2913 -530 222
-1813 80 235
-3141 638 212
-763 -361 122
-3429 24 232
-1411 194 166
-881 39 143
-932 237 301
-3489 607 227
-743 383 66
-288 510 116
-2850 -274 87
-110 250 171
148 -206 7
-1734 -836 163
108 332 45
-3663 482 391
-2989 21 92
-2030 -686 124
-1153 489 209
-2474 195 162
-1255 -67 77
672 -222 -98
273 45 -62
-1601 682 157
-1758 334 157
-557 -547 109
-1240 924 135
-3398 -738 177
-198 -412 34
-2539 751 152
0 0 20
-1937 662 135
