213 -838 -167
-351 826 -124
-534 1189 -97
931 -160 -162
-330 -1518 -207
-25 2461 -172
270 546 -315
-534 451 -247
-281 2582 -212
-235 222 -242
711 732 -164
1263 487 179
426 726 324
-270 2884 -207
-650 -1153 -212
507 1756 -192
223 488 5
1152 1352 94
352 1036 42
730 137 -222
374 2368 -187
-295 -1116 -179
1171 1538 -217
1076 841 40
1503 672 -172
598 2083 -242
-257 1196 -194
-76 -896 -247
-744 940 -237
309 -187 -257
0 0 20
208 119 -239
1503 1066 -194
1183 579 -209
239 1745 -242
902 548 -7
396 -665 -257
59 1086 -325
54 -112 -257
65 719 -204
1280 62 142
