0 0 245
-238 -1013 -117
-573 93 -154
519 -35 -55
216 -85 -50
231 -418 -216
-1586 -1936 -124
-904 -2108 -124
-535 -2392 -89
-23 -1952 -154
-3000 -3113 254
171 -1213 -276
-1101 -2762 -114
-1227 -1894 -152
-3547 -2412 -223
-623 -1256 15
-3282 -3229 244
-1771 -2771 -175
-1353 -2798 -181
-1786 -1786 -266
-1347 -2479 -154
-1267 -2250 -205
352 167 -150
-3552 -3168 -252
51 -815 -286
-150 286 -311
-96 5 -296
101 178 -170
705 -59 165
-1049 -2986 269
-1625 -2248 -266
-731 -2726 213
678 -79 -284
-922 -2821 -262
-1850 -2930 218
-750 -1581 -316
406 147 133
-49 -1788 239
-2390 -3046 -325
-3550 -3280 189
-1389 -2929 203
119 665 -289
605 591 -266
-2307 -2920 53
-2505 -2648 -620
-510 -2058 -625
-2089 -2692 -40
422 -1077 -350
551 350 -145
-224 -2651 -256
403 -2266 -207
596 1386 -321
386 -118 -321
319 455 -266
